$ANSIBLE_VAULT;1.1;AES256
62663563623961313838653566653931393238616164646562323463326430636137313237663530
6365313539373961343437616366653862333734363466350a326565636538303464373038356133
66336561666264633165663031623134326265663130616235623439653638333762323665656334
6239363166343639660a623234373733323265613033653965623837383836326463663962643232
37373932663138613834363963393264626633646536356239386363633762396531336566616538
32313463653866383733616137643533383633623034373738613333313862626633383537323662
34356462373266376338303264333837623732666162333163383735393539366634653362663365
39323538393632653833613038306536326232376662633731383661616566303836646533353435
33393232633535366666613865633930353335343237343232636531653632386634633436636238
35663366393235336137323437316462663164653265656633306438373235626138336234353661
66666632666136363366386463623065643339663330653233306330323464386233393531383331
63666537636638346439316636643163303936663933333361623039383166353366353163336562
61376533363633356132363730303736313766383835336138623431336664633864373565366638
32616639316535343437656336653934383732633536326366353531376632363130636138343765
66323561656564653034633636363961356463636362316264643162613930383635653831336135
35653533643636646565653331373733666530626664313435396636633835383262643365653866
62353264333562303233353364333665663430303638306465366437613539626236333337383363
39663966633765636232363034663063386163396435383036653838393938393830386364616639
35353937386666623864386335663530363962383837343034363762316465386234646661373838
66343936313030353230316632616237376235393934343737393939626163393232373537633965
36376464316562666330393663343833383661633239316236303936623931623262653865623437
38343364343865313432336333666631643462383133623863366333373831633139363836656534
62313833366264643964303563653066366566356464356466646137643963383231373132613036
63383233396334343332333035306339666130623838626536303739633066623865366661383738
36313930616464663665313161636333373236636231303138656136663936383438356133666463
36356264656534313739363263343762636561623133333166303830616661363132653035396131
35313731363830393564623765313666373834306261376339353232643232333338333238646265
33303839396665653466666463313965663165326164646434323063343639313331646633313361
31333832353737323935633764663733666534636538613535393834333933323235666164366562
64616236306466333338306166336330313563386131646564393839613237303535643539376433
30336339336231613766653862383163303832356632383432316364663237393462666638636236
32363665623430373237336562343962626566393964623932646463353839646237363630663064
35363130316334353232616664336138393262363831356239376431313530366235663439643738
35656466343066343738373630613835356361376438343634383839613463613464666536326132
30363665623033613466393961333365353762336664393238383231613661393266336536653063
33633933663138613830396566626639376530303835303631383435616538373437386562383130
65386531616462376135656666373966643438663062326238613837636166316634623462636334
63303634623665623536656533376135613336393533386332363237343033333263636463306139
37636162373761393533393638343237613739336663326365636166393863353836363130643038
32306537653362316133383365326638623734333763636639383063666433656163306335393931
63393966626635393738656263323837323465383166356566336630343931656632336634363434
33313234646561616434336431316134373461626632316432666336666564316336313963323634
65623633356630313730663362643832316463376133313837653936383134393435663835643165
33633634626330303561613735346535393630616434313564646136623963393864366364656363
37376161383432306535623939633537383139333062616136616165373361636262393235346332
61623938623636373835386661373266323630323265323735393039396233386536343161613439
63303761333638376161396365363161633864666431343432383163666332623238313866373763
32333732303832653961363666633232393933383163613433333263613337616532306631666161
39663364383463376639376430386466626237343135333665643161666137333730646436346136
65663734343734386432643234383932396361336564376637346337306266316434633961616461
36366534623337353266363431636166373135313636386265333234366432666565303562316238
64316261383065613263316633373231613038666430366339353336653834383133633530356639
65663066313634656232356134326536363363386163346165376138653564326335613466663338
33343736373331316537373635633832366435643634363239653633353565653636633330393962
35333662643234383263373333396238323261343862396336646436653335616632643063663464
34633065336339383234353931653063343536303537353330326164393663353261333063316535
35643866323161333338316464333031303932316563636132636537646464383162343866613266
38366434633433656638383539623061613236313633653566663638373139613338613836386132
32663238306163336664643761376433653565363063643862643535316435343934336463343639
37386337376639636334636661636235383637623235363836363831643865336138333134363133
37333930313935333866666366393961313666353661383566373833376334336561386539613030
65303366353464636633393939363361393662333336313634356563616364393230613434376165
38363564346239363766336434373236323539346530333236633732636161633133333632623937
66306139623634386265623465363263313363623435363936393034366437363234326538663236
38633262353935313961343066333166366330386631363137363066653066643436636232616334
36363565303631653264306637333431623833313036303764326162303231623439633030313666
61633031646637363264656466353565666361353835633634323564303663376239643833313261
65366165623234323338316638646265393238396363333938366231616461303961376130373931
37643961663161616138366265313531356664373737623432373866356161306537613032303834
36326162333466653830386234353439373731656365653535613736623335346463396138646436
33653935353965363634346237626333613737353265663235373438343964636630626163393166
31353739383732653062353634626362646566336462383266613935356539353766626538333766
63393862636165323335346636306639373833353933366231656336366265383065383063656264
66353435613234646636646238626661333431303366356562636366656331393131313335376262
34393962363438393633613534613262376263666534336130323936303466653463646531653863
61323538353336666630343365306136333432653964363838636536306364376363653363623262
33633066306165643365333733333736363532623439643638393337303865353639653665613635
38336333396638633138633863336664666365316662353539643863303065633363653361643632
62663534663765643865343837623135326534653531393161656664303566363835303562366561
63653636353632616135666636316431393466623135313035363138323166326665366234323031
61333336616162663834393834363365623136653339663666643739623134313532316632633262
66393962343865313032373530653832343032636461303065656433666633373466643136373930
37343339396231333734323135336131336665366461336562346666333438363337356339323463
35303330646630366131343437656232366232353635306236353965353632386630303166363964
62643538326361666432303038633830303934336134306135353332633739316639636466313436
64623538326638336464363439363633373865333934316633623531623465643239316231363032
31393761373539616634336433343838343930346337346133633333616663626661396564306131
31386463383461326666613461666132633837323136343533343733393436356563353839323137
36616637393733343539333462633362653531353134663665363465366635393936
