$ANSIBLE_VAULT;1.1;AES256
32373562633335383465313332663234393263383032373466626431393463626464303465393033
6464666561623033326165666537626539336231653739610a643062633761666363313666353932
64376132396636653661653334346430663839376635373363343934613165366666383938626663
3563616132323530360a626333353236313339353639323939303061663766383133333663343163
64316363383065306133356366616463666261653361363835613262653832633332333561396335
31366632353765626331633938333236616264666463663066346133306231313734303635303038
32613339653737316238366665333165386563336539663163653634356337343565393036343632
36613862373739636130326236373431366263623132346632333032326235356630336135303230
31613063346562306639616566613532303136363734353432316239646462326337336238393035
63646464653636636665613662663337326465363862303965376561366562343033663731653632
36333439333239643535333466646439323037343433336238353539383537616237633438663063
39343135353031643862626232373537643362313166383230613161343438373562653130313034
37623164373366356364343566636535316431666234316331363365373935353537336433623864
37353365383164393935376632626337623431353764393265633962363335343331343434626631
31626533303666343639343433326662643866353732643934343435363032313338313761333332
65346637666238616462303663633662396638393863366366363866363033366635343036326462
33306533653064666265643631613431343933386135663738306235393766633562376539313133
66643865313437653761316331333932333935323934383864313635376163373030343539333832
34663933646563363836373630316265363031626435343338316463313036396161623932643133
32363837656330653732633036373939373061653564393466303365643464653433613164643633
31666234653964313561353036646235373166623439333737343865343439626261306532306165
39636565316332616436373939306635623732393039363061363637343632393663633138343261
62356232356334356366663332323730323335656363643361653431373134626638636564353236
34323561363432646338383732326465646630353935363965303030303465313465616463306235
33386630373261653365323336666635666233646431383236383462333062336363613065336534
61323639393561353736363931323666386266343963636230313633663633323964303537623237
61653033373963633665306339376532393765363035373634393231616131623065313539343161
39373539383237376331393439613534356432346464363132613837386565343137666264353335
64316635633738313266626561323666336631616132656236613738383233626238663134663536
30356633373061383532633431376363383163323034613765633530653164376662623032663665
36303665356539373065663466656536363432373963353433626434353165613265313830356136
32663231363462623065353361363263313736373138613730356432383437343630336231656663
37353432386363633762636236313030353634353337383432303661636135613461636337316439
61646338383130383437633834653663356234343434396634306234643561353331396466323566
61356565666233363632333431343433333237633864373238366661616636343962643066396238
39316431626134623462306232313631623032613935623439613064363362326661356535666162
31623066313231613536306166393737666562653139336430353463373438393835383732336466
65616132333430613637373235376338633765383633306264363930343434393433356462363265
66336235623835366432653139396161623263613135346464616661383365356434633264306261
63303834386638346461646230313961623366316463383032323036333761633562656565366136
31396634656462353163313131653431663264326136643863306338313330396163383532313462
39326364616333303038373030333061623764366437386161353561323961336132653035306334
39326566306464636131383634636464616666376335306466633231373331353866646561636133
37303261666332643730336231383439393434306433333033653038366264376534613636363430
61636637636161663630303833613961626634333264396339306436306361376437376538633730
32656165366566633037333634663830663338636331373032333261393337363831376464336135
65636564393762383061653462636530306132386639303335306363613137383562666237376437
36333536326562363933313966656338616634323236366663633733616633363730343564663731
63616336633538636365383832303030396361333332643037383839633364653538363533626666
63663332363138386562363566303232666136363662616134356364323437373965313865643630
38636434383964303563306565333563623764363736346530663330343738363837626663393261
64623062646235356438613661303166623163636238356665346233396537613366653362666433
61396266323765653865616239353864316261623036356336333238666234613434353662663939
35616161353834373265383465306361356636616430356634353566373035366262306662316363
35613532343861353061626235393235323031373966383038326636303037623235363739663165
63363331343661336666343765613466376234333034313334613539313535633830323035366533
37643263386339343630633133393936623636396264353163646664323431393533363666393935
36383036323466626563386665383631353532316234623963383134636264386639366666393738
30336638336130303333316639616437646535316561626431306332333938363732633064336562
36316266346661653231616534663365373332663539323864653263623065653766306430656433
38383862663833376535383965323230623637663562383338366161363637353633633036353335
62353338613161323362386366313035333631353432356232346166653631393661393763373161
39646165663330626232316238393739333037376365626566366338646634306362323535346134
33626132646433346364346532383264326234623035666435386133656361393736613863663531
30313165313837356566313966326362303636633139326261356333666562373938386634626465
37663336346533343039323862303035633465363832656538396561636165346666373064303630
62303961383737353465323730323663336635316139663864363162363535653135363463646134
64393935623365636332653465333362373035396538366639376333326561363762363366303935
33393763303538373635323462666436633039623562353635353337383834326663636237396166
37386638376335323063643336656662633363663865666439376333363561623163313737626132
33326331343536666631653865333366346466313130643737313139333133373133376134306636
35626361616638353664356566326538326335646639383735386565326138313961353466333131
65613434616337623738363735383539383963363036616233646264666535356431616532306631
37306131343937623335643837653931663233363737663061343963336538376365643731636235
39623236303638326537373038396630306137376464343734616333613532613963326665353362
66326335393362373535663135353665313865633266663863363030653662396234346130343631
35376433666637316664343130373966336632316436343935353966363034353138336635663333
66616462333865303033346266346138373836313362646431643562616434643431633439393165
32386332653262303465363137633736313363613933356163353336396365356135366630626535
63336365343730386161353631323435623938336262613864636233326561333335613636313839
37663364623336616134303862303231646236383465653161636330623937383237626232316533
32633933343165616435313366616661316232386232633731326233303932396265376563353936
62663432363139663136343236656462366661363066646163346131396130643462653338376130
33333731306135626536336365396634636632646334336539313436663932326635323861376363
65663465346431316234653161303738303264316664626536613964323837333134636237393837
62653164356632643535396234653264323966366136633561356162333038396534346631613035
30383234303462356464633634373133376162656365313561373237616330333131653462636431
35356461386162356463633964626363623461666339653237313461633438343764326533643765
64643663623765613138383564666563326366363138343937336331626535363231
