$ANSIBLE_VAULT;1.1;AES256
66336563316135623038353039643633616433383763306436353364386437656630303639306239
6264393735343131333331646561356162323064316131630a323137376239313536633639386138
63396661633863616434656130313833356231616434396434653636663865663034376434336165
3536633466343135390a376366346464356662383332373462353834633532663264366361323863
36393264656132353436353465643565356438393731326435626535626562666536653865383937
35633135336437393332323932363064623862366532326236616264643931343938613932333238
35393335393635653032626665643233623162626337366133393132383933646165656631323738
63656432346462656662653362336266613330636637656461653533376562313262636337376535
63616533386463616638356665343239376230333964626430363236303237373836326464356263
30653163336261623362633131396236666536303762656361336562313432353337626532656233
33643936363364303861663938663239393162386631626539316539616163633863653464623166
37623363396130333832363363363061633964383863626238393635316566363936623136393830
32356439633061326330356130303465656539653530316465373536333065306531333231633832
63383531626562663631356437363537346439326332333235313530306561343436306236646131
38363063333239653437326338343238643837663534363937366164653764653030653138373736
65353534373630306236626535633862663466323632663935373062373631393434353232356236
65363030626236646165666364626365383933643961616232343938653664366561653762646462
66303963626631303564346665643061373362616337626432343434373736626331363630663133
34303732303930653436313336363633643238653130306665333633346539326335373864353032
33663234663666636632373130353637346530663930346230376239373966643435333062336664
38646366396165633330376664386264373263343535366334633337643833663066636266343265
39333731616463626432336431353435363962643338663536393631353064356430613262373563
61343166353164646463326630346234386265623737633830633362323363386264633430353330
65333166343834663635306266393931343461663630633337633635356566386635396466363034
32353436386236366261616237386463396364383534663735366334386462626433653063666263
31316536336261666239386433366334363331613366643035396138376561373032323833353037
39346237623166383462306532363438656439653066616538616461663336396336663937306364
61313832346432396137643833373765336530303736636466326637373832346563353832343935
32366634663263313431333430643633303138346637373963663333336362373838316631326266
62326537646238316662306139383436663839336335383238343538613137346135303838623736
32383435366535366536633134636238663338666561373233343466326631623837396561653263
30653966313963396531336230663337373461323964353031663936306665386333376437386137
65653233653531393838323438366237343239643066613730626166376261363439343433336630
64323663656161393230303166303337353438353161323639353633356136636437363664356466
39653764376536653839623165313030353763336365383137346662656266663532333335653930
30306533633233393765666335366562333931383166346334613634643538373536383162366164
30383334313735353261336430353838383234376461383463386139366163373537356265306638
30313162396364653632623362353337393239663838316231393461636566316531383734343635
63653632396235376436653932316263366133373238356231363133363130633830363930613334
62623133363439396234656266396138363731373437363236386432306633343564366563633866
33623434316464643037323065393665383063623638316431633962346462393632393665343038
35626436613431616561663133336164613932653666633234656461383962633037366138653063
31663433353862653139373837393932333734303863623538383433376266376238356462333863
37396263353761396233623664356430666464303432633335343030663262373833306535616235
32323365666134373564613062356262323737313331393638643135373863313731633362636535
36343566653263396533643534643136363539363134386435386432653231383131363838353731
31343762333435656562653338373034653965323435303062376234663864643838306537666162
61613664633263633832353630383866303531613639306563353466616135663331623033383962
31616234383066373734323461363661393064636438613837613936626437356662333463333132
32346235313739303135663637303136636364313832396433616163316363313761386563643039
39316434336265376662316330313865666632653661636339336237323334313234653637393039
62396438643138343565663565616533613835616161613132633231366533623237636233656334
62383435616234363538323230396131363236323062313339643639353666366436336561313634
63643464623661663266633937663138386431333633616339656632353332343262353036383339
36383061373563333034346630643238343431383861326466616437366432303765316166316535
62633035303664353663373836623263346562616131363432303730626661313466663064326366
38613231633236643337643030343162653932653564626539616630373430663037363436656632
66303066656430633831353862613864323238636538343432373166313037666231666362636162
32383530383739343665613935336264366464643134363638353034643862383736383738346237
32643464623565366338626633666463356261326534303439663061313334396335653230316363
63366462366539383939656666626231366630333035353836363864393239316561656431653438
31366438656136366332386364646638323864383537646464636632373334633266643862643838
38636563343031656363663936636536346534376631326139376630393662376337656561613862
36303032363134306636656264323136333861386530383764356265626363383264363639343262
38323431633536343761313566306232373934636663343162643733363666313331613833333465
36356431666634636337653064343964613366636231653231636263356233313335653961666561
38646537613331646139303061633631666564303931613531656236346465333632626238363731
65636333653531353837656631366433626230373836396662363232363538616663303230656436
66346466376361333561373936633561306435633965373134623831386666336135343233666162
33353431636664396561313735333439666338316435626139306164393835353561626138623733
33616262323132333663666432656434393066633165313937613534643864386230303261303137
63636465353863646361313037663963343636356637613732333738323332303933343834616136
30326537306561313238643637656430623132396339356466373765336536346231623462333339
64303334623466646430323733343838626664326330316431323338663364343262636331663265
33363665356532336364623337376232636637653233346261346437363763633166363739306133
64613235373533376335393336363734343564383861323163303363636565623532653039613163
66636335613466666462663662636237656138323231313036326335356230313738313233373635
36396139613337306562633161366161353237333431343535313633383038333134306563323363
30653664376461336338336565333066323730646136663239346564366433613438386238623762
66323466313862613664353336373036356438653731383335643835303365353630633631326434
38663435316334356335653464373262363333663565313361623961666532393339343864396433
37333837643639656561323463333832353930366236343634346363333562363566333861336633
38343737663532313865343538613330313831653163316236636131656363666539326263356163
63353130346430373563313833656461636462343065666634356163373765383536656163303965
38666338373531303230396135613835306337323337616565376461363036323161633866333064
31643434363337633964313561376665326137303364346561303533323564333961353135343432
37376134653332336336313733326631346636633963356630346264326262643432306432383533
66353361633330343337383364303461333338663731383863383638386463653535383034306362
33643331666131663266333363383737323462363563653934363761613530663162
