$ANSIBLE_VAULT;1.1;AES256
38646265643537653466666562366638663564356239313539363562313534353233396137333038
3566333264666465386366336162386666623732613766350a313132353437336132386266646362
65613963663832303363613365643738396464353338646433376538623230616134646164356161
3639366336633236660a396430326630653639643739613232653730656231353164323861633139
66623165373030616139383832303231336130333937316334386661643734663434303765663539
39396137353430313331353931633864396162313439316335613935333164393666363634666133
65346533386632393438363938343338323562353533353366396331376432663232306663386365
38653463346638303366616532343863316364313566356130636631356166633961616333373935
38356466326665333736336639353037653337643536653335656463323162333764643834336266
31356134386631363739356466326565633965336133613763316635313661656661386432343963
64353438386466353135623631393662333330366363346335383131646430313962313661623637
63356166646164336530623030633635666664636162326462356562353165363235323865393764
63353130306336633434306536666133356637396136326465613637666563633532646534666431
39383566633430336539633036643961666231336131313035363537393063386661383330383931
35333735613666313563383932626531353463633235613464396538663539623037613263616531
38363464393765313337623835666266383738316235353761376531383232333037663239326566
39363739396234663030333434396134653166363938626535386239616662356432353764353631
33333537623031343134363561323734343835343562343837326362623132613865383530393761
62353163383933636234326431383663313931613962303337623235653061336136386633363633
63366662663066316330376238396138383164366464663238373231643463303761623638343864
31313239373765643237373964393030613865333630323530613638376331346665323162656133
39616437623432333637306262313463626166653831306662656632633039623062653965653764
39386532643934623961623533313461393066376533303061343132303133666433653738396561
39303637306261656237326131303939303836333231323561396462376666393038333661343136
38613938326663633766303934343230346263373161633437643065623930653536343961343732
30346139396433633130663131356437363663323139363262616561313631353731353965383333
63316263393738663132373633366166653463363437376466343537323263623263343761303066
34613234303532316332343362643338366536343436393262643535636566316263633064613134
64313837373331346262393964623035613631376363616563303236396462386336373066376432
61363330333061356631333637333164643134306330653134393565316364323233356633393264
38373261656430623862396233666539626239626533386530643366353665316634386537373434
66336431326333356463306564363331383838343861383366313162373634326431303639373330
32663063346531633764313265376137323634623139306239353965393932383036393833343935
35316361353230353066616535366665306538656263326631616431356365653831303137383962
61363235383065306264383765666139323933386537386233636632386661306135326362396366
39386137656531613132653463363463363232653939663137376163343437303838306539613436
35323065623065393264393134383638666432653634396234396530666364313262656265333531
30633562393962616466396532616231323462333263616366353033343166353732333634363334
65343034356538323964663537376534633338633530376637306462623632303261663761366339
66666138363935623738353436643436313337373965343664633163383463636536326665323038
31643932383930313162633062613034633132333332316664663365623438323531323263373962
38626531393364653732326262653764303439386135616331636166633461386237646236343233
36613366653035346162366662303431386134333735333730363335646337383831306666366264
35353863303930623932663534363035346330393032313634306266383630373265666465653564
62633630336437306466353539346262663137393330386165663131643661303931393232383562
38396466363662363933633264343430643537343038343333303533343061366366656535343736
31613332623733336239393366346365333435306163356364306530376561383164373439353030
33373962373162643035323138643864383231303837643635623163363230396332333631633232
30636266633537626639623332386362353432306463326164343536636330396533626230633634
34366363343336343835626365356365383861373738656463323236383339383361663530323330
62633862616263383364323638383335323135303933646233653066613966323762643234626463
31386632323966363232393139643162643564633033663337663636633937616237373035323438
32623536636337626331653764653533366563343334363562323861653461323633323261326135
30633031343938346138653563323862646131326633343136373538356434653963613230353936
32313831386165363434356637633165303139336132663138313331363464393761663130616533
39353765643065326463306363376233303663663661356439363265636338666131666263303032
63313466633333643836303334626637333965363661356139363261396239376362363038636661
34353633336436376564386634343166613033393462663735623338303565623135346137643761
62653461393730636139326231616665623434666464316264376430303138343163303661313831
34363765663166346637313239666261353936653061313562336237343138323937663235356365
62623263316633623438353132346235306166323736616164306335336364376234303631363933
63336266613566393632643130643237343163326437386636633635623966633039313032346338
61323538346339323265353331363234303163323233343565346339623963383365346637333335
32613834363334383365333463633166396264356163653462616534653466316535383133653139
32663132323634303962633165666334376532633961303530346239363161626238313439643438
61663031323766623831313633323538313932303763316130663632303165623734633635313137
37623532666631643938623934623961383533353966396661626565366434633331646437393932
61613032326166313064393539636635396265333563336634336563396165386431663037393736
31373961623866666564316466613832373130393238396337626239663663623936633862336565
37393565393566313636353230626335396163363965663338363539386532396662376165306136
64363431373230396663313332643638646633356665383235656238623235323831663730323562
39316537356339613339653561393830623939613131336234356139353362383934666538376464
32613734643732626130323639323238336165656261326439633232353162376532653166636336
32373737646537386434383063376134306662623664373866623933393537613735636264656439
37653361623833366437373164613739623934336164353534623433303136656239353431656336
37303331346637336339383066373165653263616639636364633530316232666231623062333737
35343637353436636262393937313063656634383363323135666538376337633661306362663332
37316430373038323530333262363232656131666636336564336336336234353234666561626239
38653030616661373032623736316561613465376638633762646464336332303431396666386130
30313932613963323539336262356630366231303837626432636239373839303631333065323236
39343733366532346536343635323539646532346138333933346163343135313937316364666435
32313237343239623136313837373038636235373238646163313132353962626366663935663932
36386264633062383961363630626235353462613432663839623964313366306339643565326566
36326138306463346530373236633238643265376162326661663237306137333534643735643264
65363161323032636431616631303262356665653431613838633936646631613565313862303830
66646563376262373962306339616237656333306661316335333866613334336439653935333761
61323961386531336464663637666563363165613662313930613064623535333339623533333439
38666234633761613165376461313762366537353735656139396164626337373639653635303235
34643933663931346464666562616138376365663938626638386334303663663936
