$ANSIBLE_VAULT;1.1;AES256
65663462626232316439656464623161313566373366336636336335643238323733633033636661
3564613034323430366539623539346264633738373064320a393938356261316531636338653863
33373936373135313631396665313932393065333032363236653462363763326237613363333562
6365626434373138320a656266623464656163613238383836633833653734616635636466303566
31373037383938393862646264313335656165366331353666616431386335316430396162386162
37646433303639666263636237383430646532653661616331643737666235343639313135303066
32373238383062656331383130343366326638356333393538316661393363643534633631393039
39346662346565336663663339623932363066373663393762303839303836653533373536373364
64356461303234343537353664366464623530316461633133303865613235663936353638626433
66623632393063363333393537323330613533623039396263366361616561656466363332343939
32393864353935616332393033333834633336616330313530363466353638316461656534366162
61356361636237396637386130396432626466396331633862623437343033353639386233336162
62393937363837663861306666623931623536393631323363383933663730623534663463656564
33343561303837373334323337393432383663643332353233353134336361353934386464343165
38663365396336366136376462613138656636326635656536363162393836616337616234643462
65313531353734643335616134623934393636663738343534653936326430386231646633323435
31383335633563356132383665323530616432303764323533393862646130373564636533383338
66633933393466643930396337656437333564363064353137666132326637313830616333383964
36393362346665633333313431343461653462613964363131653532363166393232356666366232
65633237356134363034636662363336303738313663346464616137343332643963376664646232
30303865313862376463636132376262626136373332353833356631363939333835316537613861
33393537626237363132373664646433613363656134333465383561393234366438313330303163
64303332323565333733376137643564366164636332323030663239633364396233363666393836
35393866386565666265316436376561303832373631633138313133343762656564393761633262
38336137313965353666373534366234343562643032643165613864316234656463633532613166
61653265306638646264313362333130643764353437346637313333363365353066343437333234
31663463633963373937326663313432313139316534336136313334333063356462346666316161
62316334386130613266363030366633653664643933653463613531346330343234623030316361
62323761613239343862653039633766373232663936383935366133333565623435613434396361
32353530336466663961643362646164346462306338376638653637373065316461386632653630
66656638643337383832643963666138636338313231386637336239376639623366636563363465
37663135656264646634616539386161613933343531303765303539633339626663616535646439
35363938333064656438616264313434306139373734633463643065623365306430643564376161
30653162373838613139643638386332616235623939393366376165383230646161303932666461
39616438613234373764303534613034323131613734393665323038643430386266633337353165
62633261643161303136646235663161656337653064316465326438373038666462376230613362
32373066306364636565316366393930343033373634306364313362393562386162626533376532
32363339316436306566363230383766326630316530306136333231353961666465323232623236
66376135613766633764336462646364313536353663366162393537616461306261363834363832
65356539356231616161663337306162656664353664393630306436616161393031303639336337
39396261666631313264386336313735323034656361333937336330396339336339623833333866
63616430623961653665646665343761613233613932643135653363373135343335396236396663
39376439616430366163633762613038376136316161343861353931623962356236616634333561
36393663656438626131303835356465363765316534343139383036663930376438656338636432
64376566653537326664613534326137333564323662626334666333336165333665396533633166
36336365396663343961633464353434316534383866666539343166336330663934613333353636
32336262643233626536643263653837396631346136383936356432363736396237343061396437
62316462643862613763323461333031353339636239613438616362663039306364333532613534
37366530393134616439386530326235643735363762393662666233613034323865613933326661
33326562633732343461353265323166376134326232373663653332613230326332643861653962
36633565386231356439316363626465666132613463323233373131636664613431366364333561
35323036636532636336633332373030323064623531363536653163653039663834393462306562
30376262616531373862663861356166306330663631343933323831346332643931313437643966
34393661363664653439386234383266643761363762646235343063393830633064363335666238
37373033623664653339336534653033653636613861663832373363323361336361616432333932
65343036646232613730333863383435366435643162363838653738633631303136393166636332
64366362363638333533346534623964663634313961383236613935323639343962663132346365
32333162306532383761656362303462373931643135396537363731633034336238313037666263
30303461626533653565303432323036336633313465623535343033376430653030653066383965
36616164663334653663313561356236653437646263343933646638653139613733356337636238
30356434623063343465346436353030643137343831336538373662346636366562396639316131
32323665303634386130326165633166666364636161316563653738383863313161643038343334
65383736303035326263386633393963383930646564633239623733366638393839396237616130
38376561626135346266663633626337366363343731346638386562623035396635323938383364
36333461313761353433343065363138663165663638306436353863333337356263303032313138
35373631356261363437343266643161653333306366663764373333656265633363373266666537
38653933303966643833323064373030393232393162343131356335393131343033393162646663
66303539646364656165653466376336323764333638386663623063316262623262623261393665
39643861313631663166643839373339363332323961326664666139646366306432313433386130
62646563336230393934323931326334616233366366386538366637643739646236376431616133
63646665336337323430326435666332643933643564303561336664633062636437316363313731
31653538356339616661356266323264323036626363376261643130636332323034383733613838
39366465393138363434663664346531336331633863323836623763326535343833653566633363
38316163303433363264393365396633346638633639346462343935366238373265646534393131
65303162346266306438393761323363636564336436653331613333313065636132383164643039
37623935343137323033393239616437373835363233373331613833353466623636633435316534
36653165613335666237363165363833303339643361353936333962366336383163373764646432
34663535376165616230396164343039613366326139623930316236383431336434356537393738
61353266336335323432653936386263383335346437363438353866393230376131353930366633
64326266323261396635316538366534623038623134393964633364633661356234333932303631
66343939656133333438353163353032376665636366323666356661353032613561346461323239
32386330346231633539393736343233666363346336333031633639336665393730376466623439
31613337613630326237376536303730393031373038653961323435383166366262663538633931
66353731663835396239316433313334326230643636626430383566383564656438636331663331
33393762323632633536393966396436663537653431323738353263306439346130326339366231
65343638306265343339643038353132373835623738336236346537623265626365383639653830
30656534356564316438353739323862306632373663323832616637366166633235303735313739
35326631653238633631343266303533373236336235663830386436383930636239386431366163
63366633656664316161393763343732303336343065303437323832326139613066
