$ANSIBLE_VAULT;1.1;AES256
66316335326162613138356137306464396535383837363666623361626134336633343262393764
3035366361326233393664636434333161383364646362610a633333353239373362396337643935
32643032616561366661656235396366393361353834613134353336336262666331383433333030
3563303131383435390a336263316162393831363837646561323539646430376132663766336434
65613238343830616434396235393464303236323366343931623139363431323732356534656138
32333530373066386632383435343939653034326165363663303964326263646364666534333634
38313730373462326131363133363366306639316137326237663630386235633735393061373865
61373139636130313634653435666631383935316166373636333835613138613139383464366264
63303435633864666564343838363039303263366336376364396439623732623032613761346339
61393935383462663261623339383235373631356536353135653466393865343436396536336365
64643133313532613335613536383538323336613062313965623866616134653636343634616233
62383639643030646339366530353965326330613861313966346562636362333435343937646238
37353631353331623764363039326636373463623437303634663938303237623432393238373437
39313664376535366635393631316235363965383331363130386234646230616532636238626330
32633034663565656161373630623731653837643230333062366431323562643337346564323664
62366338343330313239393761313338303131346236323431396662633564613164336565373066
63336666663737646535613862396666303635346365336431626666356630656362366634623163
35323937646336666666666261653538613961616631323432333932303739656530613834333832
38333031323433666539316163623735653533623763333265393132616232373731323233393362
38653861633465633661376137623763363132646537666661363839303038343465663236626335
30303366306436343264383339386466313536326365383862313765636661343936393839396464
39356563343662313134343438346133613934376530343661346261616536386666363138383133
63663839666139636666663730306139333264626164393434353833346633613133383033383636
36316661336334613862303930396638663737663231616165643565613461363039616336653265
30653665653837653336396133353461613862386464323030326164366466363862393663393734
30386139653234386433313432393861346139363939633339623537393434393930643562656365
37613530613638666566613631306130656630373766383034303366373830323830333734383562
31623238646566653639633864356331353166633034343135376432656530613432643635373737
33663730653532633062303361366131346663383031386435363532666433396163346536363061
35623239333464363161343237313632663339343965326238373334326463356462346633666637
63353834623963393039613833613733396665376131333961663438386139353835626239333834
37356235303366306635373862623764623134323038336531656639626563383664356136616364
33636439646139396636333839383661383636343435313237303666366463636363373533616339
32303037393063333766626564363162616331396138626531323463373838613432623765633765
30653462353965323865396636626238343135383734623761356563313531626361633461653866
62363530303137633039633538303363336362376133323130343234303538383263303234383530
36393935383238623761663565343661363232633736393438393665613361343964306339613433
37636630613165663330303334326632333435373162616234393166323838356161373464636637
35316666333264343636666433323235353664383638653639393932666536396332323836396364
66323961356562376262653265663832656137316130646637633633326438303465393064386565
35326532386562633764316166623233323231333561636435393365663738333336343566323933
35663961363037636236643031326663333165356131656336346334616365646630343033636134
61643936376338303832356535666161663538633335663363633534356135383365336164636233
39323161393230353937373837643636643730363037393532353930326632613535306537303931
31363866373062336533626438646437306566633239396437313737363666336632323432343033
63346664383861366461373336386636326634623737303062663935303365376436376531336464
38393666363363656330343332373238336366333237343266326261373234383431303833343238
66613137643231623864643934633632353934666563303536343730316237623765393561313732
33646130346434383937376132313762646634616137373132313436343138313063643763333531
61653065656134363562626236303538633865653162646163306535363564373065323235626366
30656436666264343862303262623063633932666535373832643765303635363439306230643033
64323334356664633530363366623434393561643939643031626465613130366233663335373765
64633365653238343835383233663362343637633137663361363965313139313537373334653736
33616462633231326237306231646664313431633531323338323934376539393730643537656332
62343664643663313535323231303537646663323630376564633736643439346465646237333830
36383334656635353330333163656163366635633735613637393066316635353335346564623563
30653334653962323764313134653264343961663565366438316533383339613934393036376365
30336339626437646139643639663332353330316630363034616431663838363036633933653931
33383961646436343265343632653335313032666138376236666338363338383531376462363437
39633432346334626235356661396635366638333761396534313465393162326531306264333539
39356437613465376330653330333733363438636137393061333738353137383337343866653062
33623032363233396437623331346430373262306563623164383833393565663863356666323038
61636635653462623739376631666236386533646232353231316530646338353936616465346538
65373666363633346636616361376465356234393330623130383465343036643765353933626331
66343063636131653134623463303439626131656435316566326132666465643530363337343732
36326461646537636530663066313134646263313063353663333835336638313331373434623662
62323265363463633161326132316432363363373337613138613837633566363130383339363133
63356330373330643233323761633837313335373330653666323331383565666561336336353864
62333430643537363061353138623338663630363232626462343562393335326262313462393232
32326634663131306463636363363565653638633464316331353731343861646535393930303632
30393434336163356538333637356631313933373363313363636333316365386335363931373136
34343461663962656535626462316439366133383730386435323937653734316332373730376134
38333133633132333935366163343635336563353432633263663438623230313236633365333263
34396636316237303134616365646562386130376134356666653834623164336538656437393936
33636564636239383439393464646532343163386136353237666335373037353932653232393937
32326434376633343439623430613832636561393237306365626337356264333330376462323136
66363733626466636136393661333633316663366164623537386635313636396365306239623035
32626235643064623263663562353763373431653333326237363130343231613337326333333333
62613637663835383866366365393639626135393030643864313539663163633564633863343361
64663463653937336361303161656166656532393339613336366135346233613136653664333235
39353635396631623866313362653332306266363530336235343334613233613066346333343162
63663934643933633935323364666133363933326235633161313935353030303562316463653839
36366635323666386132343934333165303836643337623030306238623061663162633837373537
65386238643939333465303364356531313734396230333635386434633139353932323530663531
33363835306265626332653038356363306637343537336261663661333139643737313739643632
37646334363638376232363739646634653662646239663838666232366363643565616634383264
63353665633835363534303036313533343064396166666332393530303731303634646366616436
30326164343234333230303737323764323735643131356664363236346139646230353135323832
32363466386661643166393132333131376363353237363363363233343530646237
