$ANSIBLE_VAULT;1.1;AES256
33613138363032616636313930623239366566373130663935343135626565346533346431623461
6363653864623862346264363337343338313530383534350a306131393764376166633339383962
65303830316561316464663830613032643933636262386432303661363130373633376338366230
3230623065363938650a313636636265393265626536313066616334613761306362613765336533
34343839656264613931366430636630633231366334326138343934643134303464353661633761
37376166383666663036373466353362663163333530323933393834343234386462613865366334
32656139356232316233373137346434353765303065323733393630366131613939653738363039
30373434336462396636303431373735636430353930363465633137326665393766336634356437
39643235653266643034303439396235343633656136393935633138396633396537363132663335
31663637636637643264643963663834643132393461386264643438633539663762616566333061
38623534653762373264663338653533376336653134613162373465653366633365613061663463
61663163636366323736316430326236646531653630366334396364303535663034656634666334
37623033313564326633623861653434373438363465303435653432323861663839393836616639
64373566633761356632613966663261313932653561323764393738316636653938356338383665
36323465653631353334633430326533343830613562343935633636656163646431613061643934
61353462306636616664386639613736633130313264373762353539306638636633663163623162
33646463353834306437316531353039363432643430376638383138363961643661616635643633
63396436633763656339613565353139363765323432393736356463633437616339326234386631
33653630383363323563663034646562316434393535313965313565373138353131386632653836
33303461323739653931643332313865326336636638323839313863366666303936346630323235
30303436616661343631373264666264303161323466366161303430616564623436326439663937
37393533393964313131303163663366303435376665653961313839363434643832303537316232
39323766336132396234313364636330323637326434636130306665396131613030643039363439
64373461303130306366323565336330393661313332346633363765663136353037303434326339
39393164313132393536653639353030343238316662663534303761643862323464373262383763
39313161366161656461613665396165323763343438323933323031626139663239356361626335
38363637306664663039613834623231663536383932656264336665333266373032346536616261
34633036646236323339663565343866313538323730336534346634366465656261336338636434
32616135326634353137616666336265323938643335396665303239386639303165303564393061
61383433306135643237396438333762653338663632363362356639333235623266666564396363
65316338646638366465383036353438663836323038653561306263333733623731373337616335
39303136656333353065366239306536363064326131333162326465336264663563376532396663
35306132346463343133653861316261356138356234636536383830366138663136303137326538
36646564336362373736366564373535346264313330373866396662356163306163363566386661
32623962613539363132386565663836333864346331616434613930313261646134323031333039
34373864323934613465613534653861363639383762663564626661653530346331316230613938
65313761313736333938623837373165646539303936393531313331393932323033346333376230
66393764666630633061343736633137313933653434373763613134336566656538333833356164
38626130633830613933336266656366613064366237343862313037666266376436333163303666
38383733386631633663393464313735653631336130343333323735336633646161303838386232
63306237626235313736303139363138346632633733353163303066646231313763616430323863
33353136326562366365333836353032396638646362366334363366306662393238396632353331
30633663376331666538373264396134626131636430373266393566633134616434616264343561
39636439363933303663326333616233623361343837396562373536623638636233323635666162
31366232316562323163646131373139323635396634393265363263623439306533386130656335
63396561323738363238383833356530303532653862366430363062333761356635343039623832
65386131336266333235386165333037643831323031316633643830393964373936303633643661
61633962393337303763626130336431336264663235636466326361323438653965313839646234
31306663613965396631383262366365363664383033636366373439386234343736306231623961
32656262373563393464303461613962343066633333633437666133353632303237656239643463
61643663353633393962633835343736376135643931643463326534613636323262363264383863
39623733383831306632653961316130663437333664303433373066313839343961323430376139
34343536386337336538326235343061623363616531636664303761303530333732656638656439
33633961303366666663396432646631333766326437386131636236363236313738626438616634
63653362653861363665353538343261636639623061396633306539383036356630653939613530
37393236383936656661316632666234303762633433636238343831656464396164326264326331
63666332653033643738613733633761656330623231316364366439333438386234323034666562
31626132643936326234353538303563646565383436373235313739323133306439396661333763
30376265383334343863343138643337626563366163333966393763343866316662353964336664
38373530613936633535356233336237313461303062396237396431343965626638633539386466
65663564336231343361323831316663393531613962303939616564613938653930616536633039
39653466373764636263383762343630363164646538646136396166376566353965316234633734
36366362636461363630316362653034313864653933323061363737623138383361386532316533
62656635633134616332643463353637393930633631373336383232303130326430653737336565
30613239396464643131646466383632636137316531663661666235663735303739633066343838
39386137383939306664386334316465343335616663383434343339313063376436323136663663
61376561623236366137353432323731356463643334336434636137663439656661613337613333
35353564353066626663333132623334643333643534303561666339633066316430616262306639
65666532393062333066393739623132623333333133653830616530353361616664316634323061
64353630393361373265383637336233363730643335613534653936376334663032313633386339
39343834363238633363643531663237323766373366383134343766373262613761376135383337
33353334396630653739346266343864343532643635333738383030326633313266303336333463
66616439356635663737393038306263323734326463666234323866343434343863653362326339
37336238306232383637383361303837336336356634316339636463306635306339313161323737
65373732356361373032343862353831373938616434373833633139636332636237613939636334
65616135323230373330323837633563343537373161336236323466333566386165323138333461
30616637663239626333363464366435636331386532646537366234336638386562373735316265
30666435336132373833613562363832396334646334313234666630373937306265643465323935
63303564343433383030303230383630643864613030303931333536396234366335326339303532
30353735343530343836613535393339326639356634393938643761643431383361386533616332
64313936626563363232373937383130373365343433333164346134653463623137323062666235
64353336363865353564626431336439626261613730393630306561643534643238366536646433
64393464623263376437313063623639383261333466663934316564646130303766363164306664
34373733366633353631303562386335333835643065303432383163303235306464643263313965
30303336636532303434353331666562643630306237653236316564626161666662396463316236
62383766336239393131353235306663653032633236366433333638363436663333326165633262
62666666313661393430636538646662313139666530613335613135653664383533633662653230
63383361623733666666323332393265343162656161343236646231653063383038616637366261
64663161386135663939333066313835656632333732646139643337373338623334
