$ANSIBLE_VAULT;1.1;AES256
37303132313434353330373438333430646637396466653161623464386464316333623165376130
6538366130356664356339313233306236326633623633610a656139343932663134656665373931
31363665666266613432396632613161306139656537633961613630306562376631363838303862
3763336232633037390a643961333865646330323439623666363334306563393532336364393361
63656437623062653061623961616234303039343565326631663538356138353563313537363963
32636330356532346238393463313331363830623435646537376361363437386338393830663065
37346139393236653162616633646165643666313433633337333164333036613061363430616330
30626463363434346236386234373534313661383434366532353738313639326532373739633630
38373764646336373763346663613132303436313366386235366463616339393136383638653435
38626365303562636330646161356234663634323664383531666539633530393562323131616462
32356239343461303231393937353961653936353530346133313335666462343031313834613161
65373634616431313938613536653730356366383337393734626365363635616161383662326636
61303832333332346635643231636339333735303930656661623366626365386530373561386537
62636332653131613539326538666630366162326664383430616632356235373130653038386439
31366431353166633831343831386337343839346130326664376131666338613038393838633736
32333965396630643864613534356139366466373762613731316438386131616463613362313165
38396137373936343237613864343632643539393566313861353563626132633032626266363935
62333038343734636338356136323437386662623334343432343238653635356339623961343065
66343862373836646537636535343330366630383835303239626439333634643966326335633936
39313539316366623536306261373833373262626535666336323833396637623336376633366537
64366637343238363165336564363930383636353435313861623331363935363961623966353538
39393439343439626564613332326536356539366232326665303235366335343033643032356436
32633263306534633430663637633139376631633562316562356261343563636462386132663366
62626230666561663236376231636130633462376262613036613135346263303761353437633664
34333364646138363031373663653164353339353462646234356463373035306232313937623162
31386239323266366362626231356432643438663935663030613065636635656232656531303332
38613462376532396235343739383562383837306530323432353463633130353865356638613162
65333866373738636365633135623738653933366430646231373433616530343933306332353635
35363261346135316537333265306162623230316433653933613737303432323639353034303433
32356365393034656330326630313533333838616439363835336566616662656164363562613939
37353732306163633030306665336631666235303063356363363466323531666536333666353836
38396361313030336462343963656130386630623964653666656634623563613165393630336330
34306564643835656335393438313261643539626339326339383731373031303835306536363362
32656266303034313065353734376365393132356466613634626365313461353463616164333632
39616638303162663664343437646635633163393466376563653232643330366364383365643737
65343865346137666262366637393834356134343231396632386634663661633330663361623838
34363162396637343733326162636332333565323530363737646538386164653563353735333562
35663162383436616134336430393432356138366662326535383461666434633165313435383830
33346636323066663832666635343133653435343866393665366662366635383161613639656666
66346436333632333038336637353563383266313865333637326664636638323738636138336362
34396236326139346662666632663865643839383837656338356366306563653736353930646464
62356162653464376338326232383432336234333737653833303933613836326666383761626435
63663932393237653236626533373937656433303862303438633935313161643935653131333537
32316134373831396366363265376537306333343333643434303836376138303932383730343733
35356231303436356462343039303830626638346163643963626138646332646263346564353031
66376332613564653463313462373861306265313336326564663661313930353338316539613535
31653737663733353934633666663566306231653133323932363534656664303836636436323063
30333266306330363363343735633734623638663832656165663365353630323933346632333266
38303733613564656333636639373939636162373931633139643564613535396263613464383632
36363131373335393265623465323066656639316265643964303665633539363032636634643830
30636635626162646533613563616234323961653563636561653931636334636665386232623238
38323938396164343139353763326437623539633265363233326563623131326263626433666662
30346661393566613264363737613365303861383065303034303832646439323966346466653965
37663935623638303438376162326236306166396130376530323331623833363130393637323633
30333530333530633836646635336661323162356435613966626536313562336464346365613433
36633732646636376530306562386339313766646537306566616462643939343730396335306234
38353963663333613632323765363933343561663365356438353361396130373331313031353234
66613866393533333162633864623436326635626637306561366162376430356439306263643461
32623839343733343363646131636664323036356261613034616461313565386234323861316262
32633037316230323336316135386535353035353932383133386566343938623564633836396464
31623363363037643037613666613738643435626235636261363365366430613939386431383263
31613637653132616334316265636463313036363361653639326535633038633861393162623936
33353463343731363138653139636430633538356135393063386439653030313430336431346561
34616337616262313930373330613636306237616534333262303233326365393166343162646439
63363965653539386134383730666232653864663763363836666434373366393063393637626561
36633539636234646466373761626136633964613361336430386166393966333265626630386566
35353930393935666265356630356232396563623164383033623334373863353162636661313537
34363034646163356366626161366463376161636164616339373336363537333762356564633863
62666166346539666430313739376637653064323134613539633831323132646430626465393037
62663732343131363561303835346434343537633431613439373230333033623864313730643635
62313963643039643831343634373733303335623331383731646533613966306463323530626463
61386661623965643062656636393637326164396561613934313064616465626231663734363762
33613934306639373435633665623333303230313362346339333961306462316266623866326233
35323130303834386362333564363038633133633832326432376135373963633336333835643733
63353136393535353934383863363637663336346366363065633434346137616432393964313135
35653235366462623732383433396264653034613233316663376464316338616530376431323662
61363363633363306338646462623737313037343365343931323935323630663562343162626465
36306631363164366530333537623235666639306433326461343261613266653061366662366666
36386463356265313030656234326130393931313363616531383834393034383438313837333735
33303036346131303936636339333035396239396363353365373033666134313035626164653134
31633439303238363762363761636133633230356338376535333137343737613838613766343765
63386139326239633637313334323065613531653265316436653839356464343235326438306634
39343533323931336264623965653533363733666235363430363138346334346434323938333333
32343434346237396439646164396166653838666161393163636162303366663764656231393930
66656336336361653031376537316232373464356437653330343766313432353033393565316263
66616639346539623832616436363930323433633265383733303737643031373662613261666434
34616465303935376365636633363139343334343837383462363738396266363335383538383331
38646632653436313462636337656333663737346434666432633163666462653866396334313262
37633537633834333663643465623235306637643338393133623562353064656466
