$ANSIBLE_VAULT;1.1;AES256
62363239386337356365353861326133343138323131386239626333393239343962353631623131
3261313932326665656464356433393939346562643734660a663036376239653335353937626238
64343338623333643332633534363563306262643832643266316563653464623334653665353163
6239313434643130350a656336643237373132643833623763346437323263303039333436356331
33373130353066613732666631313031333338656235306333626334666639383534393666323330
66626162663361356431353634636262623964363036343062383537373435343964633237383134
33383132376332623337373538633130396239666637333161333864386533393264376362396232
35383762396532636264663366373966313037653831663064306634333339346363353737653932
33653432333566363434333162663932356531636636306431663733346335613362356364393265
33626135666535616432656336326163666665663938653437373666303163326330353036663336
35663062363861646165366537303434323339393733666164366438356239636536623734383337
61653630323137346262643432356361343733373163666431386465643165646664316237656532
34353536306466383730643435613135323835386535653163366233623236663864626134333464
63663336333462356134393737366134656234316139356333633661346661643439313363346564
34393462383664316464343332656531303865383536343830326364393761613130636664313430
38316338616164373561333337633432663331353935343434386436616666363438393930363933
32323334323361346630343062396130353233646465663334363939376361363465353365336439
61613432396266313034393165323237656635303037343061646662366566613164346539386638
34613965383763323134666634383435363766313238333634653338343564383064353636366264
39643563643233306663353031316163383731336436643335663135626166363863363735623862
38616334613430653664326161623430643362633138386265663839313462343464643032656335
38643465653631336365333762666135366532653437623265323665376234633262653934336464
39383463393261333531653337303332303633633266326137623766396533386239373237323039
63323435646332626131623438626462303563313338646562346232393235633237616236326462
32326231303731303930313562303464313031313464656564333565633238393164623430323435
31353666663338626536356639363961333862616261353436356237396136343332363138353636
39636561646666623964323637356238333463336665666562383133323437363264343531316462
38303934326532383237306537393464346165336137653537376161343132616636336237396661
63316133636134616536343264323562616139333037653864623065663637303063646333623338
30643839303030636231353736336432303135666464633062323862376564626337393332613564
64663065333163336561373035393964396566323136343561353264313732333030396666313964
39336665326635666139356562366462623135636235316538656132343565346438326336666436
30663566393631303734333432613532336430653839316366323261663066373735633734343036
65373936366531656331663433623063386637353332383633653961653365313864373762393261
33343334666338383866386136313834326635623439373638613866386464313130396261326436
61373365346339336430336238623832653730313938396134396263656132393965383730373034
63363063323638353537396235316430353934323834343839323737343831343130383133373130
33653366356162663564373133613936373339333665646438623763363837643538626237303165
35623666326532623865316434666263366164646334373635363665626134306332326433623732
66376134323630613634373238313564306432383631303530336331616532343961383738323665
36336137363836643332663339366166613131393463363639643934373666653630353039393438
32626235386437623434653531306466343731326161393662393062313338656364326361323435
30323337353066353565346434656633383838343435343235376632373964323038346137623762
39306364303062353966316439633736353163386233656332633330653631336437326261663032
33643431396334383633666631383736396563383635306235633666633230646233666335666661
34633637663661313437643666373630386464336132373636626464643937333538333433393038
63333863656338343866373233316262303563303338313338343536616332626139396463616636
62663861396662353861363064666432333165303762343132383233613730666336366662646561
31393863386564393965616263363034373066646335376138363939303034643136333164363237
37616264366638626463333331353937653534303662316265393966363265313565353465313763
38323237356231373036663565646335316132663462313435313935366463306563383037303036
30333661653766303237623061366333353836346264353563333861313366633537623530323765
66336333646333323232636465663634393630366465636237363933386334333564626337333339
38336462653061646462656432643165616238356531656633343335316364363633353762326561
64386261373034636330333735663962643431613261306562633265616334336634636239303866
66323461613064343863633737393466613137373763636264643938323965616536393836633831
31646338383762353661323731653232336565383239323062383137303465666234326334396235
31373837376637316363323962306362656432363265346638656236336630623335363364393963
35383835393636313034626332333162303435356637623137326465653439306432653631366634
66303935363262366435613637333662626237663363626664613133346536653566626134353535
64646265396566373131653036323865363139386339393664303539663464623739323630306365
66663265616265616539383830643733623738303061343762646135623335623432663237656664
36303065356364663335656337623363346531613065356138373262333932613330343236383136
35353032383431333331343932313335336237333430356563306337626633313435393061633437
66636361346431646134316238313864326239666664613165306261373230623935323165323336
37383164326235666236333634303464366638313461383763346530376265366638393530393334
66303265396339393837373261303736323866633863626563666238643332363763366632653230
63313432386234353437306535353237633863626130303837373665666166316661653937313237
32336561316634663936616463663534663536346161653533666563303934666233623335636565
61333564666661623164643831646131343633346437646164353063393863303931663661336538
32353261336437663664363331303234386132373936376136623235343362373766343337313363
33666431373230366365643239343737386162316336623636663032643662653932333730383666
30613034613762383264376437346663303936653730353638303432626665363863636433383336
61303230396163373338386364636265656338306334356663353935626261663462366439393233
33353663653439656633313263623066616137343035353539313163343836303338343766623633
62346366323462333261383361366532626636383930366465356335656137353530613665616239
35343661623964303565636262666630376232386664376466363238323831383530633539363535
66616432346366656537303865366461336636343735313961626432303166316463376332313766
36373239306433376661656339323033666465323462363762393530626635663236326435333065
65386131633438323336373632346364626232653239613461623934313530346635306432633166
39363736393166393065393162383263343765383635646161353231363730666562646534396135
61333931313432623330373331646434353463383165346332643435663462626532646266633063
64623566303937323361613338336534656338636363663561646333376332346230656262636162
39323263356232316664636235643366633362626231393235373563353961373963653036316434
32386438323561633338383235313231316164333764356631663165633639313939643562333433
34646336396132393363646465376431363734643739393938343637393638323139373365303466
64633639356232623165633134636264613936333136373462316634353631376237336531396634
39316664643663343262386665386533363266653265643832373166396439316261393963636634
30396331663532623133363864633234666134326537646563393832326632353537
