$ANSIBLE_VAULT;1.1;AES256
35336638613731396531393563663631343961366466323266313631353936653562343938313062
6136363831636363396132343832386231313638376438660a663835616535383035666264343163
38353935373561623838333732346565373666663466656330653439623430333630333564613532
3564636239303663340a383566653637353965333363383636336563613664396137633836393835
33636365396236656430346238306234366566333163383366623438333961663134333837623635
38396536663935316530313332343261303438373662633531333965333536653633386335353631
32383630343264363435353162333735313732653032343665326131633466376133653766373235
31366662383430653262353332613662303366353431336539383033376431386431663264323939
65353865356165633038303764343930613633383466653837386362336232663064306465336334
38393131396165373730663336383534313465376364623263316234373330313538343630653132
31633135336533316466656263386563333539653635653734343466666466653337393039306437
30346531303539383836613062623062393134343163373330636133633365356139306536346163
38376666363964356561313561373833616564663636386435373039663437303366353737306632
64303332323231393632343033323036636631333766626663663562393166356161313631373339
33656231383462643262333335363133616566376439396465636261303939303138383062373831
61383139623137366364346434623737363562646236313661633837653033343839363362626463
63363361626438336533343264313432653634346662666663373237353937636136306262623539
36366330613030353033316264656366323465323165656331663034313931653637316639353162
38626132623265323435653334306337383365366662626535343764323439633364383538316136
36356630653837623562663036383531343535656163626239343764653662663735643338383964
39643261313332326333336434666637313965306264626163313034633436653535626365333030
35323932316166633438663865346364663739363237623161363565663339326263613539663861
37666435613761633738363239616638613438323361353235353461386135333534306331626531
31343735373565383831663632336135333961383838623964383531613531303733663235663438
33396630383861623230323037653563626639353661633635383564656464613463326233613737
36623232373034616663636431646164343139353063626566656665336132383765626238353465
32646234333738383631343837346237396364303739323333636661663831613936653461653862
64656631326464356434633733336639306265353339353131333836363734633762653963643561
31633337323030316464353364363164343535316336663265663362646263336237653763616538
39623834303063323835346164373733323966366138633934376463613435343266303031393932
35613839653734396632373663316564346531383062646435366162653639343263346436393463
39386663303235623338663231626238343339643035626337373265646264313332373634363138
33336339326333386139616362646338396662636236653964393833666330316132386635343931
62383730373632356339366433396261373133323331656239656339653562303838393530316235
66313336343637613032653630333865313461383038376531613330383663373231386232653961
34316434666366643739643764343831333633643562346530346132336531383236356133636135
65366530333339393133393430623261376233666639323331333361383162396635626161376265
35333133636265616563376532303961353664316534396237613137363336333538323639616265
34636439613465356430323239383739393438613966396564303735373839353339343262623063
66353737396531303064313137623066363637613334336134383763336137656235633532323137
66306661653166623066363736633665326337626436356433383366626261386439636363393866
64333136333331316463333237373538343363383061646336373063636337356630353539383635
62613033323765353238656161356337643036333436613831356534666337613965373936643036
30636165656238383261353533666530303765396330313866356464386161663137633633306332
31306666636466336239626435363964386539306232613065616236626235386634356161383465
32613861346263353261643533376161626137333161303832626236393631393162346564643031
32333439633365376132323738343230346564343030643931623964623765626435343536336334
33343138396531316264616134363231613136356634343836643666323831613239343564336661
39623631643332323665643735633762613865383432386138333539653136333131663231663331
39666461366531623061666134386233653630333661646437353366393362373436313134306633
33653236343664633161353465306239633965386264623931333863633364616531353765623831
66396463656263323765653737653366626464366437643935373937356664656566333636613931
63636137663363373764303030396164313264343265653966316633613563393166613066333062
35376366313031666362386338323066323232323665643763363235623263613833633136623761
30373232306537363038306165386632336331383234643237646339383864303662663532666531
34386463306235626163623332383265616539363762393932653030643538633837643664396537
39306230613366396331663466393239306135666562623062643131326264613563313730336235
30376537323430323532613361356163656664373332343338613763613966653863393965326463
33366534323162613030353636393665303163663561616135326335366564643036336631343539
36346437346539376235393066303134653433363662636666383331666131663532636564626232
32336130366531666636303933613639346439613239643838653232616663373233653466616262
35313861663034646235303834666463376261633632383566373031306561363962366262623733
37643939326562343034666339663731343434373664633934643136383032646631313665356436
63383136346131643235333738613839313033343864333463373239376633303662613137353333
30343161313439333133323333386338626561623666356138383064633161623633666339623530
34326131376363656437326135323436393834323162386461653133646130386430643238666262
37663335653964306565383062383930393631653763373035336632633238623932323032363736
39373464613634363732376165633162393439386636653137373135316131623236353335323263
61383635303438343538313939626366653030633438323434663731646664373734323662666563
39343938663935643061653033623864326163653032633835373933643537323539313631303935
62616666393732613530333763666133343736326635363866303437633933303630386661626538
63373831313263303635646535393235303463343531633130383331366133363563633365393630
31613930356662623837313136343066636639313336643466333532313262623163393238383338
66386465386566343531613062633034613633616238326634666661643137343164376331333363
64613330333063656236383933666437346234336662303632366435316438333338653337636432
34633632616337366331373963323066323938633837303735646139366536306130316338646533
63363832333033643139303465663238396538353766613134346531356562656638363035663835
61626462376232643265663261376362666330616236326235653531393565663333613439323234
64356230346461373936303534666331656438373866346366636439316330653461386563386164
37636532643361393362653738393731643239626430616336336239383761616366326239346136
64663933356635643963653230646333363664316163326137363537323539646536656636353731
32316630356534666365643539383866336539653933326236623732303830393937346532663266
66343362303136333138616137396163613332393663653565356633626230323538616361663965
64353562393536323239616532336639643966393935353063333239386466663833366139613434
32636336306630643062383035333764616666306631333965333533333135663036353131323961
39666331373863336166333362373131376339363733313766653833373836623632353066626135
35366533366636643730663365313536623138633434313431346133613663336233633662643730
36376339356139323262666330613365623133613235633536363733643633373064386264393866
31623333346335666164666633383633373633373639353739316364376264653134
