$ANSIBLE_VAULT;1.1;AES256
36646364643331333363383762636662326438376632336361386361613435633232396465656239
3331643635666239383730363764306438646530313130630a343231383938396435636639656138
31333538613763323664356236333333313430363861393035343939336664623036326266383534
3062643336393263300a306133303265623866643232616632356434303264663430656561393865
66656130373064353466376263313933633065386438343865616231306464326439376132313035
61393030663732613331353962343137373134386437613936353765363330303839366332336439
62646133323933613636353730633664353331393664623236373664343735343236636634343134
36356330343532323666656664356566393031326630633938663464333436363539366438656231
65363962616538626137316232616134356531663138333232366232643139373631376566353664
65366632613933393534363863366239356534323362313631383830323661643362623061383737
38656439303763623837646631636430616663653765616266666338323764396637306539386663
31636136633032653762333361393261356338656261353863353137306433323464663638346636
30346136363738336436316461666263613062396139356462363663313161396661613962633438
34303263666437383539623065316564323237646137356438643666396134616261366665656535
61346632373038393234393037663461383165333735316161643233376633343537643132346333
38393136346431303565336465613461653831336338616666643264666165326536626139326233
32616166653036633331613066613038343338373434366138646535626337363662376433386562
33336530383662613365363631396531643432396130623037616432333665333532373662323630
38646336356563646533326164643564653033336435643439666431363733303237323637623936
65663162363862633633303232316331623431343861363031383362623137306234393364386665
38653933653038396237356437356364326534636134383163663965333030306233623837613334
37343836333231336135316163323438623263383762333163306266306331396335306235323537
66356665353433383737653132633666353538656634636530643435316163343161343339626262
39333934356234366365363038376236366563633764303637616138356135646263383663653766
61646635366537323063333938303931373034633461386363616536316464323163636361633164
38353365313536313737393534326361613134356265373536306630643438323364353234396666
63656166383066343663363238383064343166386131643738633534316434363232373263623330
37396130393831623335366339323663613236663964663163363364376362336332633763633164
64656162333461356333333539353162336634313634336331643034353366616133663262643834
37393134316136353133396639313031356265623032306362303630306334326562626536353630
32633066396132376439353265393764363038376238373665326163336234353864646163356530
39356331366630333164646431303162323462333537613462336664643563393332343239303264
32386437383339363838313736373338326264663134316135363234366166633866646564636364
62646632336334636430653636326337356131626164373039306338653430363736663837303964
32316365616330346539373266666133643363386337386238656336653436363465303965323864
30303733343633313738393232616437623164343633396635643139643564366631663231346334
33636331326235616563663364623836613938376461666433356234336430663636336335353861
32626437346166383137343138396238343934313061353431393261666239376136376430353939
65326165396338643134303262316462393439353463363666303864663537313233656436376330
30363262356631353766353533326234303239303230663130363031323239306366363836396663
63643936663630393938633437306535336539663166653461646662323231343131346561326465
30663631373830646334626465333237363064356362613131353839303364643331666366666564
32376434393330623230626363636537386235396537373234386265353865396536386532343639
63393432663964373864656435333737653561336130336433613862373966656662333336326538
65623864333266383337363461376633303539613536373036643963666535313836623238376466
36646231306662353166383434346263613336336631393633306434626163353132663066366162
38666537346161313638353164396164656235303864646662326636663366353162373061633636
64316539363232393664656530386439353236643136646566336537353830643138643631353462
31313434346565653030353935363933313131656264383363326239373133623166626532656630
37643832383563383131313337373033666362626164633339323534326564313036303434363937
65666639326639313764663462316265343734643832313061646139393838333937343361306232
66373239393833393738616262393035663365623763323935333034333566623933316265333835
37346539303063366133663535646561353665346561393434633236313738326563623735643236
63353239346665303735366533383561643235346339613936623465373061643061313935666464
31343238313965393738323162616566386630323862333562376330646538306530623438326264
32336665373233393935643562393938366434313139653139336534393235626139336136396239
37393335346436636136383332636565656466393562633438313036646431613064653634323365
39366237663130303430373830326136663064323863383663636630393866353566643632316639
37343830356464306632643132633235363237613039366262323633613837643435646466656431
36663830363230373430353730313564333632313830646439336664313261653865396336306231
34303139633462343665376365626464393035633238373139393061396366643966626136376166
65636564336530356231326131313932333163663832656131326438323239363539306437356266
34316634363637653233653936356361336562393566613936626363623833353632383064656630
34383763323637623562663233626431366133396635326333383732316333326361616364366536
37646330613838353362633263646137663065663733353831653033313035306133376230613466
64316564323863346437356538613663393766373639396531343262336466306162346665623237
37636234333532333733323630386465333131663430343339333331623266653135626130373937
66393461643138346561393861313030333632663839643236613238633165306632643862343466
64356537373736653638336363623732356434393439346539343231336564366236646131396366
34343562616163336664346535643434646435303466303037373030383735663733653764653033
37326466386537666130336530326237633539613361326630333538346366623933393437366231
33383562363034636333646539636135623866353563386639313363386631636537353066653933
36643736613135383836376532336366653861626137346464353365666430386566336165386365
38323261316366303866343936633735636263373766363433316464373635303463333163306136
61666634346364383737383935353637636564336166616266343533646562613737356166646635
37346533393036633533343031313133633630343236326435656532396261346335616536353137
38663761666264366463316132373337306566323161393638633832613265396631633234376162
31666139636465313833396631363235663462653535356134336261366637326638313832653964
66316463323238306336633566613564653733616631306630663533366562636661663233613063
63383239613263653738343863636566373739653237636134336630346563613863636565626135
39613534626634366539336136383962306230626461336531393862363939326636306131613731
64373962363166363465323064346265636634333762613666306630396539366365376664353765
63623465656236643933636634396564633661383336653266383639373039313233616532343264
64303638333831656432646233636231306164623633626136366661633866623365343534356237
61326234376333313663353530653230666565356538376366613364643962326261633138396161
61626364613839666130643235376236383461343132626565313337303964623936343164656234
61313564613633623361643961663536383564356663626263666138633933393435653063633331
30636233313565386561613633323263646239613732393330646431323235643233666434666530
32613133336464323262633130653261376338653563616463363262616633363064
