$ANSIBLE_VAULT;1.1;AES256
35396630653337383664643830363563323833653731613633653961636233373031343230353731
6231386536623663323138653035666437643135336538380a316432323435666563386438376666
30346335393237353834323232326436313031646265626631356635643730633664383364366234
3732353634346464300a313562303865653935396264623635363337313564393430616639643961
35366263383138666238343738613939323636623463393632393961386236616430323363623634
36323234336139313266303566643266666137616631323339303638376464366139306162653933
65326439306135363638336363313631343364376436363533303163373563316337316635396537
33363739343538356335653933313733626463396364346565356135366335393238663634326234
66343138306238656561353634623363376635633537336130643538613965323530623030343063
36316632333364643131366361336561356162323237343030313964636462323362323934623936
61383535313734623533363630303463366166363530323632623563326161643331356533616633
65623763353266366663323564646362623136323631396463663232333838343031333933663238
61333138613164323530336438376663623665353261323834356434303934356531333733383333
36383265396164373439353732373333333361393461336235316138666563336662303339646262
31626334653930643938353866363263373037353035643265663930303339316662376435313732
62636463376464626365346266343061373036333561323239313061333066363362626533346663
64323638303539613833373232653639633433646261643139383766363161616636643237646230
33313438666466366433313631346239353637663137616666636530346631303433613266353664
30363136376264333462653639313036643064643238343736613930326462383838323862313364
61396330336165316534313432303239663934353265646361666335326466356338633739623237
35613333623862333736396361636135306365396132623531626135346639616130376631363336
38376663633730633139643538636664303036613766326135653537323331353965366538363366
38383764333861633230643830313166366463336330346666386563323461656365326639353630
35373037396161353262336561663664323435356632386133653234323936393366653439636636
37373231633538343332353134633436373839653565643436633939393163633533633939653038
38396266383766646136636166613437623761383065633439633733393334323934386139346238
37303562383835636564666461653337613762343061613632326139643466393131353638383938
36633765376562626130646637303330303035633235383465323531396663316461623838353432
36343030376461656265396239623036363262366330396538386465393238653764623530646136
37333635613739376466393637666563393835353231623735663736623235613361383339376435
32613938346364653864343932316361643430373137663030303731336661623238353961646531
33333465656437326339316462636463306138653763393066376666646163316264633863333933
37343732623437393632646436393563326166616339363731666430653064636231356531363337
34333634633733643535323338633835376139346530313833313139626363373236323436393362
38663830313461363632663133386536363030663662323231636134626237653362623838306439
34646361393762353431616230303361326164366564623862303036613037353538363232303730
36653766333433613137363931633464376130613031373566366564353837623130623739323132
35353239313636666564663639643161316632383731316135353431636364386361643239633563
63323532666632396461626535383238623261373235326465343132356464613463613439646261
34336232393566326139346132353536643238376664646363366466623264326331653562323635
31376366633934396533616533366664343731653562663236656462653530356139653530623265
37613338353737623237393162376332613534643731666336626235643035336438323833383962
62353638346133366334373535373538393437393361623931386662343564383237633139343234
35353839326536326333653633636464343139303434316666623431346363623634363637656363
64346335633732396265346537396466373230313961333663363231643336656335343831343135
30666665663666636436616562336333383732613164303065366661356432336636393437386162
38336562333538653364633539303330616431356563633261643866323738386531616131323763
62396538313736323632306233396636656237643838343135616164356335646161373736663665
34353839393766313837636531323834363336333438386132323137333033383537313432366564
35643539306433383163616631353731626535653536356564646137333762653636393761326362
37623865656432393734653035363961613136376130373263646437383162623534306265656239
37623463363235646163613230636563363536393832353835353461613136373362356135626139
37323530303932303964356164366137613932386638613632306161396131656536343133393335
30346432636334316237643139373932373762343964613337353331393833356564336363356535
31623134646338343534383165386338646164653432386166366237323466386262666432393062
65376462343139363232353264326638346430393531316638326238653132353963653233623065
33663063663236323635376563633834653062643736373565656436653632663935626137366137
39623763623063386534386331646234373538396265616134623533646137373139343237346633
37626166363133623833643336306462333664373835313436653838633564666665653263323964
34636239366565643138663962303033386433386565366433656435633462333831376662663562
37346638366437663434653435386639613834323732396266643833393639303165623233376238
35316631383031643934393061373931303232613466633338333334336532316538336137653436
38373939353135373734613563313764333038396634316539383466306536653864323563346265
37396138643936353062393964333536306264633964396137656235613231363333353332366331
66663036363130613265626635383763336561333735316338366438336539323638396230663032
30376630363961393866636465663961656536373139663466326536316530336638393036616531
33336432623239366334343231376338383062663030366565373636393763646437346332653233
66363361336235313338633932616266363164623930333365666131666136316463366465356163
31333033393230353732633432316439666563383731306662316634373865326233613731646436
35386363363333396136373662356137613437663737323633343363653166666434653239623332
66663537373338643965306632323962336437363161643436303765623666653333323033666361
36353830323437326135666333363639636436656434346166333961616130333733303961646533
36323733623635633132373932306531353263343063336161303765363030343834643465323932
62343132383337346239633831666461316138386437333533363838346132353363366331303036
30316237323161353834616135383035383132656462323332303037613839306631373661633066
66613764346264633633393266356262643938623035646438343637363133323934373638666538
33323635626535663031616431666261306233633938623734303635373764343838383932666638
65313962366536393536316334393339343962646338613666393334323262333662326562643133
34393837356536626234633136643862633535373431656236643035386532303131626132343663
65666439386533653166396136313361323765396538343162313435393462343738343961643233
61336263336461343663303964636263636139626162613662353165396530393238323066353633
64333339373037343465333863373031303564363237336234613561626236323361343237643934
31363334613264663036333439383066646661383337623133636431323665643362343961363066
36313037663933343339623861336334393135303264333862366438333933636430326462343638
36313137346333306534316436653661333431346333633737383462613334383539666136353735
32613566376137396165356563623534633935376364626232393237643332623164356461373234
37376639633437333366363430303161646632383665643163363238663036363261653834356366
64393462333037303734343866316436363936613137643534306239376362656132626166643739
37336361313465356239353835303163383733613633613738636462636465383763
