$ANSIBLE_VAULT;1.1;AES256
30636161326261323938623164613538623137356563316238383830373036323664333761656431
3732663036353533303836333434343734626666336233640a323735376563376564356533316330
32373830323262303735373439393531616261306362666234613766643939333263656138353331
3335666538323034330a373364363566633439613337303332356432383661643838396461313037
37393964383832633238616432316131666137663233313432623366336366383563626538653934
32643534343963663462306132363336313034386630366236363831636163303266643234636662
65346339373764333031323365653037373265363664363165386466313939666562653734303239
32663665613836303234323964616634646537323932653435386162303566636431303631643831
35653735343663316639313339663532616634303134393665663938343430356262343930373638
66646134663335353337323261633566346164393131376236633934303738656338323431353634
61363062373832653336326266373333636232353139653765386163393830633766376465313866
32346136626362303766346634336239613265323466303434623062306433333032636666393834
33646238626234396133643162373239303438343132663032353631656636633262636561323662
61323962613164646233383735623032313831333630303562363362383266303066636239343162
32383166343735363466346430376135353161393439623336326331363833366239343230376535
61343939393862636461366334366564313132613764636538393262663166653161653738393365
31636130333032303832343433306436303663343133346261336361643037636430666339316162
64616634646465366362376233316564303730356663323761383032366461383963333131636262
32303831656236393761313637323133663738643766623862346237636266636362386638313463
62346535383762613435643535393061353637633935636431653832363832356336353834623431
38313262323361653962363439336635376438333265623938313264633765356334303931653264
35323862313631656532666335376530396239643930373235306161666631383466663332646433
33653462376530633135613366343564633138653333303331376462366436316236393238393862
61313866396463353930316261373461326636613839303565313534663638656236346238346636
66383038346239626662653463626636323133373436363761396234373736643162656634663631
64343936373065316465346239336238343937616665393665653261623064326433653863343834
39363164623761383439366566313935316330646539663238616462346238653666643366643931
34393162343036626433376130306234393062353431633534316330316530326131623731663335
34633163353764613732653437653334663966383465383966616161646533323632663036343837
36643938313235343231316530653037636265346632373331316331386338653833326534303764
63353737353732353766393230353631346135393034383035326166323237633731303965306430
62333733343139396632336162396635393334623331353335303865636361323266383136326437
30326363373665666339613635383931306332626632313835346239333332323863346230303765
36646139623863353662316562633530643065333138336363303761623466303733336339336430
38353833623964306233663536636466613333303133613164353433363939346433336639333538
31326134336332326165333863643562346565666631333166383034313132643461393135623231
38346138383566663466356664323062323462643561323239656435343266363030376139373261
30333631366265653935633932643537383838303562346434383339353530393339333062656162
39333365306334303137613132333339633666323337336133306630666162353938326362636531
61343934333337303833393236616462333837656362316337623261633962393337613737646333
32393731363233393231316439643564356135626165343535353236656366343762616664326434
33643535653535313234393439376165656336353938326364653739353864346630326264396539
33636566623937376133656364336664343734333239613039616134383638666638656439373665
61396636353963663934326337363036396534643635646662303136623038616133616238616366
39386265626465646563623838623935653136356233623762623862663936336662636139663633
37623764313235343865333032633535393063366438613930663131356639363464633066363735
64396537393034366339346465313430306466356434656664333338613234393363343962643033
35643734643331353534376234343233626630383061343335343031613032653635306633346566
32633066313134373630326632613664643830336331363731366239623333363166383939343737
65336463663831323162386365653862636230373935623962393334326462376231616464626430
37313836383832393133353533383439326233343631363737343135633635653237393065376163
66346562326430363464356134353237346333383261646136386665616536376234636463303831
65323762666565386337343062613034626130636362346463393966366434373233653065643438
36396462623834326631306466343064353364356239353464323635366265393234643031323537
39366238643864643066356432353938633636393535383161393336323334656262356133663862
32353431633235343137343163353135646533623261373135363465616430613135616138386631
33633234323831613736333863383330626466663239323237343366373438313764623133306261
38323461643833306539666234336531326463333731343039363031656165663235636238393138
38326333666538346637343261646232666637346232653632663232346166303830373462373836
37663162626236646364623063303962383736333461343632343730653864666532366531356263
33653334363766666565306261376331663531303764376336386165646632336337363831613934
61616461336638366138393661383431326637613565396666366662633334306338386361373135
64643361323665656637646438303334316337633366326530636137653564313037356466346634
32623665343432326135666234613235636436333062623637613766636664633931363663366133
66333938636430653938356435663939313332336535623034393536616235396439303466656664
62346466353234336164376237323834666262323831663130396234353165353161646364643430
63383131646163313334333134383136313963333462373230383164623038666636623737383138
33653530626137353632663438636265343833643438356333636332303330313437633566326662
38633831636139373765323035663066613461616132353934646139333637646532326265366434
63393937346636613037376262633831336539303439366138373263343164376462343039623165
36343966336563623135646664393066376162376533303632306437356533613334326437656336
34393564396465363032363863613561616161656331313466343334633838316336636539383634
37393262623630383131613963386663303762373365363331613733663661656235633461653137
62356265383634393536366365366236613133356235393436626437656239623835663035316430
62323263326236656135316434633131396537396266633135363834663637313732333233383263
66306130623733353934666663373431626262613530366131633439326330613833346263663633
62333631336430316538633630343237366563333734346439376132396166346435363335353631
39346331653839616233373235353662633036633465626133363566636165373964356231343764
32346161623635623936333066663963613736646163393563643839636463356262303236313733
37366435616132343466353633333838633931393262643731353961326635623766333766613439
66366334386630393031666438343564633639316236323830653034653233393932303338376465
64323335393263636538633833646135326331633333653134643037323362306234396635376130
33303864653932346239386261623764393061666130646362613561383363623162656432643632
32656462643638316164636530646437333334363633663437393339656263326666626665393361
31346338333730323338363539343732646661356663653265313531393438323264616366643165
65353737306464376661363965616133383233363432366332333965623335633934666534383432
65326639666164336338663364643665613361336262393630636634363462633361643062333438
31336434323833333131616464623230356662396339616266656666363930616661633333653537
38303765396461633731353032343537663966663462316231393035353137666534
