$ANSIBLE_VAULT;1.1;AES256
61666339346435323366646333663735346431323836303536643731613337353364343165666562
3233336666386162346439653335363765633836326266380a623963313036656330303336623166
63363430333132653438396432306439646334346430343638376461333963336337313663643430
6239616439623333310a613536336466656266666533303737653464343963356135373832376462
61366666656337616333363662306233323838376438396533643536633938636630366533343935
39323062653833366337383463383935636431393964366664313138666465663362333533663036
30666662636535366332336364313430346431316564313730333461646265623264386130393431
63323366363865303064613661346236666565623063313863396565373435383538393732356664
65393235666132353931303535663063393536343931633632303732633737383637633563313535
62633966646366633231666630383835383864626432666366636564633230626136303331343263
35303339303734323133383935333166663035653738643939636262646566313836303166376330
38613134653961306434326465613731633162363065653435326438386436626263626264306534
64336639353636356233666334613064343734653339623163396439326464333966663939623963
38333338346238613461613138333239376261326666643766383836333062343632633236353965
65346561616562313633343239313265636630356461626534663836646337386231663965366366
34666433653131663330623265396437356366303735323561306263373161666632303331666165
61303435666132373061333130643731376134353637386361376462333438373138616434356137
62366463643336333737393938363033653135336261663361633633316337356438393139623535
37653664353762383162346235323264636666636465633562333865376434633061616534363034
36316661616365353361383165353636646636396662303361393465623137333235343065666339
37376366343836323531386334396334306337353432633630613661353436613165373866303466
65383664633063363434666337666639373763333531663061343861643666636634653665373265
37653734326162303839363730633437343363653462303163333965613464656466303462303630
30303231336365373333633364636433333936333032373736643836383535393633346164386636
34333864613335666364316562633363343733373563666638373165313563383266393861353034
37376139326435643562643964353132636131633964306561666139653130333163373336303937
35613830333439663436373338363037353934366263663332356432303264313333646231393036
31623562366566636138353561313764396535356632316162353333633233316432376661303137
66326364373635363631633263336264303666623532643966633131373231313330376463386363
66333565333133343836383538306237663139323363306639373438303066323964366135313330
34343638616630303037383064613165643435323566336363326662383564616531373038353532
65316532336635633836356231353036656662393461633662633039386136356236623635343435
32376666623137646166393765346166363565616232353763353365666233356465306464626164
66663935306336633831623531353838323234333836356238353561323836373637313330356664
39306331313763613163346338313565626232376538303864633864393739313564396432373233
39396561383937666662623730653764386564373262326236343365626637353763356232666332
64313135626264343130636237306231323839373437616634653831336663373134323533633935
62343836656661346261303837633663616131346362323639666233643834383138636535626364
37386434383032666535303032626635363234626534663537383266373438373561303331306332
61313136363735303662613966623964363766633064343861636632383966663936613937323065
65656331646331363135343736303965623863626331323130343665373966636164363337643538
66663866373361393232383663323863316565633265333262656262633038643762346330633031
62613162366134363931663838653166303262323162633862616465636262663338356432383162
33633165396130333731333539373135333265316163323765373465643439306638343766643661
30303032323739363865653463613164653330623065356165366636393835616434386134396662
30323331643734336465343632623166393963623465396433616538373661303232363237613065
38646430343832373834393137623461303030313531616233656633636535613738353432353564
65303264396430653437636262366332633065616139356337326466613664653637346532343735
63666561333131346462303233633364623462653735313462626230376161316165393038613564
37343232636335353561666232613565366132363663346630376434333864333137373632386438
33656239373134323131343561386463306238396564363039356530636666376532343639353630
34316135393361656665376165313465373638333861383031353334373831613163326630323863
30653037323534393832353639363632636462383266623339353337353965383363656332316566
65383066613232643836393034333364303831663839396564336432313430316534356636353762
62376635303834343034326335376461343463356238633661653563326365646565346338633231
34396232313461343130626334353132396233373638393462393762313437306166633361393865
36383839303930353963303932373836356564613436613639303239326438306562663939336464
34333936313538613562313461626230663438396163376432356530393834326135653430623835
35356164653632316234636132616463613862343963366166356134633338613439666332353363
37636134343164373532363139663137323362306135636164656137626631623362313039363631
33323832323733666136373231396265623630373036656462346532623633643237666633306263
63396532343838666538396535306635343561323535643865353665363830653463636463666532
39303539353065343436633062326233326263333963656533663462323238663466653663333734
35393939653366346530386238386636373664366635623930653534373166646461353232383231
33633135363331393633303138316161393561313838646136363236333663376564653465326461
65633262306666303638323039366335346239353739323039356161323632343561393731306363
33633733316532623062386536366436376131303266623131633966663562323739663337363034
30656263633231626565626636616336653638346431633661633837366162363837313234616338
39663436323136636339376635383236393961336431653331356461636162623037646561356538
64353032313165653739373436666561356131613431663166383932363131343563623165343264
63353132636365633338323533373938373937343539643964636364333730616661303631373232
66653231663937633137643035613932323962623864306164623764313734643733653830333034
32353463373363313165356631323230366164366661343835366635333539396332616462323663
38353666313264373766656134353230323432653664613937306132333561316632336531383738
61383234623432366561363966326163346164376463363635313164643963623564646331666262
35383562376364306238663538313138333665363865306466383761396164333832343932633132
64393637396262343031353332336131303862336339333638653564623238323332633637303535
39663031383239636536353363326637326633306263383436616638316331353765333163386361
63336634623936356464326161376166646135313239653231623366643462346630316535363263
35663835353138616537326637663736353166646364363138343936613431326662656564313139
65396465613665616534636164303339316233326266613830616631663731656566386133356566
36396333316633336130306634346166303836323137323634626334663334653831313264323566
34656165366561356233336464316433386463373362656663643833373966326265636139326661
32326137633461346565366664656463386531363235363961313336643635653233356265333039
34613432613466333864323034666666336239636137613239333832343561393039653038316262
31646261633638356237623831316561353638346237373861336133613235316638663834333733
61306239636462643832363630656633323237616337336433363232386632323163633037653538
36343564623935636631656162326330313839656636613239333737313364663530373564623632
33663332363566363766633563353235653631636561626236303938386532623231
