$ANSIBLE_VAULT;1.1;AES256
62653937393435616139633433633433643261616232666232613835623264353133623864643335
3463623131643330383563643435366431646264653435360a333562626235323838353238633533
36323838616533636133386665383737373435653561373037633738646536366431353462653934
6265613538316636390a666633653138663239393230353631343164306634306464306237646539
39303638336136393362393338396530383963383531346231306164616562643431613139386161
36633139366332613663623538643731306165383332623233333735333463633337623636343334
61663764336137636661383663393761316238636133666330363239333939636564626533643565
33316131313936653031613436313863373934363333363735303161613335613961656233653265
34656334396665646135356136653239626538646438393035646665663362393930313438326238
38306361383561666334346432396135656331326261353035356463343565636532663164373933
65323765643830333336376432343232313031663837616636643164383063333539383438643564
66333037633730653630666535343131346131373331343565353166306261323739353766376362
65633037393661303133316661376132333463663238326636653632366162663734666266306431
65356263636363373334356566343165323437393661366266636439636236626264363063333430
63323163366266313863663830626333346336386665613136313265373365323333303162303866
64656531313533373631656239343738303831346237326562616162343366393733326432643862
61323561616365356333666538303232396262326264333934643163636439636635376432323162
35633033343063363735643166663062333065306161346331333164393933623665353337346330
35616431633962346136306365353364653133613034666238353231383930356365333463633265
35366230346536353666343437343131623939643864623264623432366130346630366630363362
31313563643161613736653663633537366661313038333834363933636331343961326434636430
30343833616134323738303363643433306430363230393633303534663336373535303639353861
65396565303630643734643638333363643937333339306537663233393931653233633232343564
36303166626233313132366332613862393134383766663966383935613363363830643432333438
30626431303736363739666439366133333534356264656131373439313736643261356230376230
31623034363731643532626236666663636436316632363665306162306464383862653966303062
32656230613861666263323464366266633164646331373661303336643963346465633235626439
64383963363065306466376564303362393331313836373036616433633566643866653762373464
39383564393139363864313161363131363538646265346639366634663933383639383733326165
30363937653437363766386466663834333134363435353563663561313033306466353235663265
36613535356137353838316538343235666166653037323961346331613634656633343966363263
30343861383835636363666139386236353939633465306236306235383564303166353235333535
38366330646438623238343164323634656235373064663835303264373137613036623736326663
37666362356333656533303939323565333733313331343661393637633339623331323063383133
39376330656638623364313164643033623231656666343633653361363030343539373434336430
34353063386361356235393662363431383139343238626431656261643030313331633338356361
33306132303966386163343236353634393839326631633531316639643863313436313765306430
31353161666664663436346366363832656462623838323830393463386633336339613062646665
36316131353933333264373831316236643365663561383539383961626361383864323861333539
38343464393135326163663230313263653839313261613964356234363039363339333633656663
66336666316664616161313936663538613430646332376139626630623633383838363238633736
37383237626361613432353661653266306634396438373237356635666535663834393463333463
30376331653665363137623033303235623130303032623033386163663737316364336337306238
61363338666339363064646332343936613837653264356138386334653763396466353333303033
31663466343630363039323432616237366630376533333763623363353766383762396130613132
39393538316633323563393466313163323263303230323038366234383661653364336364353932
37393631393032663337633162316633653333386539316435316339393035323539333132643330
61343834636134623066333064616131376462613564366130653632333036613132623934376561
30316433356562383932313732323633623161663739303266363439616266336464303039303236
37343638343237326564376230333361613361313463646439313734653165326139353366356465
65666462613434316233363035656235383733343866363062393536353939343536333761646363
33316565373265613564616335653266393031333337656233646431306266306262393631303333
39656535613238643539353064376433656430333939336634333939353633613931633739313134
32613836653162343162323439343631353065656637376635636530363234613136333263396133
30656362323131623632316339623637656163386330313166366563383663306532663733636239
30353561323236373934313934373161353061313036623831626565306363666663643137643834
36303131663862383138346139663930656463656165326539623734623134353334386261353637
64303666646233346366613364313135636131643736663564613062613039316164646233636333
66623932613330653365663962396338643561323238316136663138303163393737623336633538
36663035663261636134306239383530616530373632343462383863636561356264623938316166
32366561623734306431313736386135646164376437373437323130336330366435613631356137
38643564386532636463376462643865646439343465383233396138326364353236323762373661
64306565613864323736323632303730616637616631643234663034656539343032356362353435
62356466366466646530356130633834383236616137623639343962646162636363646337316364
66353433386163323632343738336435653666336562656661613765633537616337323165653636
65353765323033313536343166613438653535623663363834323630396532613537326363363039
38363337353766393066646661616539363232396631346266303466656564383062363266316165
30623731646130616263353861623737656230313331386562333765363231646631393834343533
64386439386230643564343635333663636232343637646261373662303135376630633439623135
64366637306439623265396166643566316662663661626234656462366639656139633535326361
37353762386536636430303139373434623537323734616466653466303866353137353266353531
63643737643232313336613263636236666462316238356537396138373532316532393038376164
63623432336161353035323033613162383439353934346538316639366434353334623035303962
38353130303839303863316332623361373862373230626166393238393037323930653362316532
62323331356263393534613535306331613532666336396530306531666662333662343266343039
66313832306335393863656534303238656531373938366137643664626235303231396166656238
65306236616339643736396630393064333230653233636637613633383930666237366463333232
34303633333864363637663365616435663335396435663437323061346563656235356161633835
64653331396337626533623534353232383163343661626663643462346232623264393536623634
65663739656633396137323136343335383630303433643134656532363361396365393962353064
61666533356366346565616431313434646236303739646266363838653366333064656365656337
64633761643730333961333234313339653035343565633436656230633561636432356636656661
32323561366266656237313734373931316163663363626436656132643635373863623634616161
64376461343533326365396265393864316462346363303631663936323939376462626331313537
61346666653166333562393039646536623637376639373862386339656365633035363035363833
61313032383766343330396234383265326635636539313731653332323663313162633361366162
61383261396564643330323930333066313466393830363131376363396236646633636466373035
63323438353466386236356261663139346535366362613762313235623936626639356265353837
37613231386531326137656364303435306666356631333533346231326263646236
