$ANSIBLE_VAULT;1.1;AES256
30383831636439393234666330333134376234306234613339306365326332643634306364336432
3333633330373331616239663661626466393661646563660a303861653635323764363731646236
36646562333431613536313165653332366439616238363866353435396331313366333566303965
6635656366363638350a383634393466396630666530366565333363626334356339643337326239
63303465343733316565666462393232666333666337633938653162363936373062383561653139
36656332316437313939643030656334386165306163333431373163343936656361623634366230
39623233316634306365333365366163356430363564343939653332386332383566616364316235
39313866633532363262333764386436616563386432343631633933336261373939623738333263
66313561633936303661633264653431333565623435646434353138633132373062326163383965
37333537623138636562326239363130616364646130353434313639656232363138633933663464
65306431633633383238323836373733643637323233653437666631366530623265343937616331
33636664666466633930626437333732656364376436363665646533623961646463373433616536
63326637373139303065616630346234393266643164343662373136643166333038376163633661
37366131353837393563343963333132666663356332373961303932393832303563323237643162
33653930386165636662313038646266393065666139373963633830343730653730396639643762
39396434323539623061386135313137313537363331303830383362306564613430336136613939
35316134333230373065313263663239383961633932633332663433646435333163623932653836
66623736386333663034643661663131323036653337323934373161623834343363653963666635
61343033323138633062343065373030656331663533616162623234613165663866663839383830
61313831306531363035663234666261613734666634333834306332633133393432626432356430
39323337373538636664383262353439663064613365626465643538333133396537376236323239
39333436323436396534653739643533663062376563323531323635323534396366383636663765
36386337636230386365323761383031653765666238636363613464653966343539396138323931
62376438666266396631663966653033666636333961626538383930316638363566336236646534
32663739336334353737613065336462656335363963313466336263346263653339303234646336
31366338386338383634623261316463633030303831633265386135373733336537643966353336
30316663383338376334303966616236623965333861636339656366393538626663333964373866
61353433633531303839636134356462373236623531643162613036326632333632633665643831
63303861373131336164346362663338393563343666363437363936343936333737313864386438
39396636656435373565353638373665613832356339316434313230366632386131636461633061
37356262663738376362376334616330666533626263383261646330353462653637346366633761
31626335633265346230323562353366623431353237386663326562663934616234316666303163
31353265343265393030333861313063386565303438343165666130616132346234393630653638
64306135366132393264373333363933316331353163373461633334376264653230353539386233
37383135346433313363633064636266356632633464393834633235613438383134666334613665
64383330323736373964363533313432333232323466643537626462363138633537626363326361
34643336613132333632363931323236323362396430306666353166623264613737313765613436
39373436666532633363613566303563613433303064313165643163643137663339303136633336
32393030306638663364613531666266636434626635653861623035343231393534643762623534
31643736326233646333633162613333396438346162346239366338616137306632313933393036
32343430366466336436303663643063666330623335633933373364616333616637373938316235
31643234666535386438313238303235663961643536336464393235383165313462666564393534
64636536636536353639376131626535313438656464326161626439386535666637613436323365
61313863663466383639346632373363373132626333633332316162383934343737656330383635
30633363663461656539306132616465316332326661626265313136353262663137303237616261
61396235633636303138383931663338333330636465653837616466326632353435323330663231
39333336653565326463353461313366616166316531326566336366636332623466633634383231
33333463623237383366646537626230306537383936356163383933343563393133353536653036
66646664643463633964323230626566346664666233363635623435366236383439313465313034
34643933663839646538646233633462663763656635613365373230356639646238633937616263
63306236303365353836643438353930396537306131656436613066656538663263306539383736
64306536643233636633376564666231396663313231373237616565396536303662303564326339
31613336393331313334326332363263316366623139363338653534366164383933376462616530
32623062643030343364363230363737643561616266363935613462666636373535323232623836
61613836316539663735336137303630653035613133393635623032656438633965656232306237
65386533303730616666323766633431623863373737383132656438643065383235356535346466
66353161373532393530643230333133366334663633306566343738313735323830326361363130
65636530633439393232313461636239616264303163613261363033393036383338326631386264
66623034353438653833316338393766393261316337633937663034633136363739356339653665
62346436303064626538666363383962646633663734656265666337653264613330656132313264
33386663633834346337376665646430323761383034356533383434336432343464373862353538
33393333316438643164613565666461643837633965393437626534343836663838306434336138
64373033653339363933643966626135643630306562323134356431323066306636336365656635
38373233613236343831656533336465303034343535316161386133356466326565333131313233
37346639353262343561363863663832636566663337393365393231336665633965616164653738
33313336306631666666333764386634346566653938356163336630633462373266636437363137
32393965303635343837363463353530396338306364356439666635383430356637623735666431
35646537396534396435376430396432636661303461633765313337363663306366653731646562
66646134363064353663386433386339323433323636633234393839623466346437653935313336
39613662656435666330316532633831376636346535353165333933376232613063323832376331
39376336316237653036343037376237666639646265353865383636666561373331636165323761
66343461383531623337623333346663626662336662326137613766376239336335363734656365
31323433326236663534356666356438323931346538636335623438376366383963303938633335
64373962303630333366393334353936316237666631313665613762333139656331613330613339
62626434343532663065663262646566326265643464656339383438316138383336326433313231
39363865343136613531646530376466383434326661333438616638376366633430333330343036
61313633373933376437666563373765353039616466353737353764626337333237373634326262
35653966363461316138373931393435643163376332653134373034633262633261643363363563
61376130323166343732383830336363626637633939643733343032356430653438393335623633
62643636346234623365633966613165323236653366336135383934363430393331306132613239
66323437343734636632366338343735326361623866633031663030366536643735376335346363
35323839636134623063343237353939323363623137646565396531393237323964356136383839
61336464613236616636303430343434393163636463616339613264343161356163636166636664
34656135623137393763373737303164656439336438636464623165613439323462313935663336
66396465636266646266643162653961386466643864316439663431316535336536323738626537
61613436363934663635313536653937393134333766386262333833653835353166653732633165
61303836643231303066306266356637333439303936376530323135633161323063666134393031
37616563643162626632356464626163663063656366356361386663396430373536303239643833
33393031363739343764336366363333623232373039636438663430623239316436
