$ANSIBLE_VAULT;1.1;AES256
65393664383561363939306664353365316639313433353831613632383763313735303531333334
3466373839333039653138313464386463666439323865660a343934396562306632303561326330
32373961306633343031383931613736303536643137373132656164326461323166656530343464
3664393937326330610a663532353933343666383433363337393339343761353135366432376238
39636662366430656339376633336231303834633734323633333734636339333164616564613137
61383966333463313565376533363038303032383164353862323664373330303962363535663036
34306235366463383333626630326432383134393336656663633562326533313065643961326635
38333164663466376239353338616431383936396539653566316163326632336665383034386534
63373863336665653739313938616338326361326365353736383664663833666433666535616563
61353339386462363761613262353036353137356363636538373262376361636331306664323439
62313863336637613031633837663665623032646635633961383364316536656332333061343739
33633361613761363137353234656532653834343339373137306339323639393636383331646663
63313336623039323363613539616364376364326665303134366136386130353263626263636635
31366237336461363062333162356232363930653761623863376365643166363765363964356561
36363763353561353131623232636538393339636136613837623963646232633463623065333238
34626332353964393564623033393865653961393539666236623530616339666361343162383061
64663138626563343837346339303761366531653835363037313565313631353737333131643662
62316364363630343765393838373539356466393065353739633065343961383062643734376637
64366134343162323738386463346133383630323564346561373365333032383033306538333437
61636539663832613132663666323533313236303839306331393531336230323065643035643734
30313839333263353164633239306338626663653538313363623033373130383265336432663636
35373466393038376235623332646563633033356137633262383465663532626431306137653332
61386239646362343932363736633764636334386266653234366433373061356362383465353636
63313331366639353566653865386630323463323535653161303866306234333963666166626363
61396139313461343138373733633562643165343462333437656163326438343766323765333964
38663533303565363561373064626666346438343765363638633130363237633961646634626161
64396430653562346564653635313135376362333435393663333238393935343566353933366665
32333466373531303765323833383466303061373436666531316161363338373635326334396432
63373539653061326364323861663364633961613361323935316533636364666363363939343765
34333137313363373765376364643536363664383062303234633131666566346139636465313964
65613637623434393331666130323431646238636466306437653533396530303461636464613561
66303462323831616135326433656137336239353438646636303661336638316565323633373465
65326231373262653937616130346132323265376465343632616636643632303434653362343663
62373831396430356266616533313136633836623737353663306137383035353764343061343037
32666564393064323265366131383563623432626337343362333439663438383338326338633335
34393664656533396533633634636464326135386134323838346539313965656333613232346230
30363331376564653135316630626131613233306264653737313361326263616661333564313433
31316431623164623239326265336337663438623665393433303336373935623361393930643763
36343261383962326161383432633037303365336131383539666135616436393034626666303163
36353664313662336432356461383865386666363561656530663865343263343930333564643834
33376639663033393033666466316465373032306434333830623836326237656363366565363735
38323062333962396633306362633366663834643033646333663562326162616637376635653035
64313662626336653431323039636431306264386462326131623463616336346165313731323430
62383631616231386330613535353562303835333061663338633361373033393835313436376130
33356133636632653137656162653761653636316437353633363030346336633834383965393135
65393633633263303434326635633234383136653933333635613563643531656230646563613537
31656537336362633565666233633066613830383639323538346131363132323634353863363836
38656530363262666466363364616233323335613766653936633566363434623538613764616536
63366637326336386335313063306631366135366433393938343663346231366633323461623264
38326465626564616565616539353436393333376336653539366362323837316333333030353632
39353261666238356462373432373466636235373466643432366530333566333139376635353931
33633436666532306463343830383133336165323661353566663436313436363932626138326462
33656565386133356463306134653033336236363637663332643333333031613939376566646166
38353266326565343834343234666666323930376635353139663336396364313664353634613530
65633631336566313665393332653132653233663364343938663234363537616262366633336436
64616438643033623932306530643266633963313262303161303035646632643738653237623064
62376633666134356430643338323663346361326237626530346662356437333638343361613063
36626666316435613733303562363635323839663834346266653165666365356164313131306233
63376466376163323663616663303163333462383661613331626639373131623765336235616565
32623530616233646438336362386336653930323964376561653765316665346137656661623564
66336531623338646137333966373766363539646265613735616265663266663232373037343433
61313439653065353335333261363564333132363133346464653131613731663238616233623233
65643962336164646637656630613738623864636264316234303032653738623932653066663036
62376336653966353839613839346165313336346435613631663132333364303564666434663133
64386330623763383530343466373732373461313466313238663037656464653834306662326131
65663866306231643235366639396562613763653066353630376634356337613334353063353338
30323634646233306261353330633763343831666566643236383865353262636635313866303038
30623531313864306539643031376334313464383934316532376237653765393331316665316333
30336364366239363830306635633734373334326432313032613733393634623434303334383263
34656633626336633531626535366264336161376465666236616236366135353263623231656233
34353061663266356530643661313835663930356366343462333431366632343535643838633261
64343530646137653831316635363764383863353366343739303633653630353266646538623661
32366266653937666337616338313064323231373465616431376433613332343334633162633530
30623264313864353133616266626564656266303131656433386263316164353261623235373332
66636466376334373233303232313062356537323161326532643664636138323732386635613033
66626333316132393335306536333561643464306466623539343636623139343966303538333831
31656139613433383237663237663538383565653836363230366134633762646533333235356661
36313733336434306166326437323461643435306538316261656464363962366135633335633934
62343661623736653364356339333134306131656333323737633130326262386638663035373862
66363334666633303066656232343131373164343932396238363235616231323033333833323435
61626265613132643237633065373065666139343166303863666632646237373334646565313434
66643935633830316336393863383637346430386563373836326261646134633462353261393635
66303265373733376139633763613231393035343063653732393662333134643933373635313631
65363235353232343631663964303438366433306430646634643762323137616262653636626333
36613165306531613930363435386333643231383835616335333737636137313831323765666232
65663432396563623365373738393366323039303261313831326336616139333931346266656538
30303666313965343562303230623035343062646237656333386631383362323761366334306631
36663666393665303834333333393162396630636430346433383335656632333739363765613233
32386263333763613337363365643336643732363165613061326365626266656262
