$ANSIBLE_VAULT;1.1;AES256
37643666653861633963616639383866313065323334333732363432303162373134303263376334
3532333930323038643466643461356235326364623261370a393930616533636461353739323330
65623036306663356334366335393733346566623435303764623437306132613365393032613861
3139626235313132330a646536386166323662653965373061643365356665626363366136646561
61323461323763663232383261346133393966333231306237333161353463626232323965363463
34666266303434656465343761343238626166626636303131643837383437323134646466343466
39323832633036356239363733636634363130626532323333393464396165396433383862383866
33333536316534383339303261653761643864386662636238393232643538383235396563623365
38333265333837343431376431666363363331363338643565333830633134356636653438323366
31383530333830336533373031356266386439313265666638363535303537353233616238633136
63313934313237313739386661633663643838326238663934623065646663666338366333313664
62313537396338353661663837303164353735663830666436663361666363393361376237313935
38336637303162623131376535323535656462663538333931373761336331303362643331643361
30643636383036373966656563663038336637386162613164626465633737623261653964376532
64383930386439633839623634383166373966393835386433316635313339343161663666336466
35346637653337373964386363333337393332643230666561616535313634656566376431306533
32303635323534616665313036373866396264386432653462343762383362373661663661383339
65653964343238386263386535333063326438333836613933333639333139343539373565356431
31333239383165343832376435393238646264383639623637633034623230653365663362306136
35316336343233373235623564643362393533336133616637303434626632393136353537303466
35653731353734343333633737373261616364373330663532343130393463356564346631376337
33333038353465623233633836346536303032643332323837326631663530333836646330343862
64663832633530383138666430396532633834653831303636633063313137303536373432313961
62383431616262313131336431353933363064303463623239656237306632626264633161336334
63373133633464643764663630366663363264396330666461326237343161326636333533623534
37613434623237646632386661613139643837383735383866363635663330363966383062666537
65393532336538636363386638326533313263393338386364316664316462343864373365323935
66343864636263326431616466356463396364393436303263646165343638306234353633316365
39393234623533623533346435653537613736643862323236643131626564646132663162383665
33613739643366323435373066393033356565613066393038326365613834663533333837356139
38653431636535383165656339393238316234633837663764313939386132366637656261663335
61343730303533393761376438366335626330303165363030386466396661396537633331306330
34623662633739656631653932633766663165326137303664356563363632653231626337333962
65303664303631636363363538316239643334336430656332393939353566643961623233383761
35613262326239656539303534623161303865396432626430366632376533666163303935383238
36656634363465613832306661306365393132383331636431376138316334623133383961333930
31643136323536373661653333653234343337623330373134316438666135303263346232646432
38343535393233643538396133303135383063663663303034663837633166353634376162663863
65353961386536306463393963303562666235663363633561636232396235656236626132633164
35323537383138373335356138326365376139373231353666393432393332623661666461613630
34663666336535393038316533626231613937326666643238636432656639663139316232363362
39663633316165363561353338353261656532383635393439363032343364323338356536323335
32343464313030343266636231346532313263613039343763326436636666376665303231383864
66356162356137386161366232326563303139616134636161653831336432656231396432316265
31343461386438303766373439313136333361613533396161613537356433653139653830666164
32336164633264663262303966373532323765386432336664363737353636633532313339393830
62633061353637323264366633316564666463363432373133633761323231386133373566303163
30353836663766623736376139623038366639643966303139396533623930366333353732343434
32303033343634376433326535633033393465653832306261303630303532336330346634333039
61633935636639393230643561653633613732303961363534666336396634306464633763623231
38303236383761636336393466666136616266653637633562663535663736393438663231663964
36313664316365663436303761636661653136363837396366613833353631653130363933613866
34396131393036346435353062626234643761613366333163623736356332303061353962323766
38393033633831636131633635316135303565356537663031346239383439623731323661626235
64353130386636633239333663616366633766383765393665316234626335393063633038333938
37663465353536393238323533376139336232666661393332346361326538396165653666313865
37323636636632336536366266616534613635306332353562366466653937643532666465333036
66643866333633313036346430376131656130353331316230333462313561656636633861313230
32613861376132656637663966613064646532393662373161663931383034633031666263313230
30373661366535643732383636373732363930373165393337366165653732653364663939376161
62303736313666646232666139356436636233383563366465646362353663623130346261623935
39623662623137326131633639343062623439663039363834656136663666383039646265613539
37656363343365313138636464653534353161373563626661376165653930653237366565353638
33633734356164353835626361666330363263383564653266353765323434323862636163386661
62613063653430396533343661303432366265633736393731363232336135633034613261653632
33333562303334633438306566316664326638623730613532353065343361663561343464373233
37366466626461353461303733343064396136383733653466643266326165336230343962663864
61373039313661303364646535643336656134386231363331396130356337636639306636386261
63333364633164623639396234313762626631383130633333333936663531383432646438336435
65393132313737396134643538373730366162343834303263623034353234633464663537346333
31346438353263396161653639353937616536623665373630356535303439373261343031346232
61333535613937346538323630366437663831313637323435636439336638613534636233636263
35353437373264386233396262393832396262643563653664353361353230373164383339353431
62643966333437616162613933316361393830303633393638373431633863323338653132343964
34636237326135346566363164626335383061353434326261633161363364316637313237613765
35646638363064316262346633616131373539633466343736383136333235323464366236306663
31333065353237633961343932363731303931313336383963356665656263643032393234653065
64356434663837663363396266656430383930363964353235323538666634383265353465646365
39306365663133356337386535306232613466303536613836313164363931643761333637616662
64636162356638666162653633633831326134656331663164393665626639666462353766663837
66363932383636646364626438356437386366346331323438663561343563353637396238663864
36353463326561386437356139626261666336643037386234376637376366613537653961646437
38323865646535643261336138663638373633353037623362383561376265303863383935383162
65653135613233636432643635313635666263616136313437363962633034646636663738393033
64663030623264376431316138353737633761653131633335636533633862386534656566613339
30663664393333393935613339346532616165376130316461353538396435373332383131653836
35663331333462323166353735663165386230313036393130356132623161353531376566323938
37336436613039376434666138396238393233643763363338346330396264653437643538643361
31623065356563613235373536343639356330626238316639373235356233323338
