$ANSIBLE_VAULT;1.1;AES256
63306630303331613032313936326161643763303237636434383839393233343737646465346662
3336633831663032623962626436313035393231643634320a316433653065376430626635363563
31383261386132653864633663653863323633663266323231363039346633633361333231633063
6532383764333064310a636531383761306362383363393864313531393336323435626463646162
63326466636162623832643261653465623037343031353530303966386562326235633563663065
65343332323938383434333136623039363833616133653336633533356638376263333762383661
34323133653531303861643736383764666630386437323266353538393663653963616430383738
65343532636165373461313235313732353137663866666363366366393330636136333537663238
33363734663361383761666135346363306465643430326230316565396535616263643834363866
63393861616463656136643937613461383261643535346135303130363131333637636166336333
32643739303464326534363337303034373834363063343133656166393265363264626464623662
39656461353939333030303733383765323339323435386466333035393761313232333735643230
33663438363837643764303131623037306265333462333564623562383230633263303738666332
33323030383631396266333962353830623534386561326563313366303832613562323963306566
39393234393664633366636161646262653263616632313838623639343437363462613136663066
61653331643864316633653763653530646535353234323130383738303062306231333066386339
34653934356665326231663461336263636264333136346263643339333135303931393733363463
30393431313461346539326663653230646234366136396437623961316466653931326430356131
34643433636138343433333639616265363937616539356237373433646538663431336530323230
35356165376433623735353564623566363337653834656537366163623835663832376530313061
32656564643565306637336236663735373234346533336264363765656135356437356638386634
62636233646164613562363564316537363930643438326339383039313039336662323465356661
39373036373830643665383235363139393130366236616636396435643839626564623664363566
38353939343539656535663738633839323333373039323333373731653164393335303632373231
65653761363237313739393566643764653265313132666133353832313333396332313166393161
31393934353261333136623735633762366233323238393161376261643332623735373835383265
62306134623233386364313364396463336536346164393233343530633336616532666265623138
37343239363139323862306338656139616530643835376330666435303835643736623762393061
63383031306334346466383632346430623863306461306539343665353361343061626632653931
38643765353463663131383633656261376433626430313335623731356164373962623938333731
32616434613933333462656138393030323330366133643239656336393032303333343834303033
38326365643131373531616530653163363931636262326166626630383266616538393531316238
65373831336362383266393030386338623665653638613235356661363665363235616131623963
35653965323865623733383064303932613235613163356663303631616232383661323563386637
32623838653039653064643230633536323437303034376433643430396135636235303830326565
66303739613034376536343661356335636139343765383135333530333833333765366166646233
39653932386336333533643661393533333262366563356364303936396535363938663239353835
64353735633531343364323338666231653863373935303162376539643765373630373465643363
39323439326439663363313135396561626336376132326435666639333032343839366434396432
38623732646464646661353438373832393830636136306633656334313430356538646663386230
34393732333531313866653639306463373530313838623661366333373666646135626365333465
62353466306531643439353333616462373566636632666534643866353331376630336263353235
36656331313738323365656439303730633638643866333962613337326637386363643035373365
63643066616465643366636333386337623134326365666162376231373139376566366566653837
37663463373339656439346633306433346536363534333031613639313830303831653131353132
31643530373934393466363830306139653739383136386263383238653532643339386431343339
36373936363266626462613362336232663265663164353565653463393536313534383336363735
31353533386539623862383063633366303033646366303734363132336230343736623762356130
35333065396438383734363932326535396230386335373433343039613336356336313336616439
62663536346632366364613262376365366133666332353335373336396564666535633631353930
39343336636166373035316361613636313863623434383562373438613362306564363333663562
31396630613765636232366564313539396565346335303633376130316130356338626237366533
38643232303338386231353566363764316534333832626661306166633937316361663233623833
66626561353438396361396161363731323561366136346362303037326532666662383230356138
30636461383962373434616239313564623933356534373864656630643736653362373631303739
34303563383465323364623033616339653639663133383762616138653432353936656532303566
66303837306536646438643361303332643736613561633062323064666664303632653131356130
64626538643933306330653566626362653732396464356632616161376532663163373537313638
64613163306261373434366231323537313830633164633563623234643532663330346534326137
65316337613630343538396435323736613734643037316135353730353631316265626238353866
61343838656563343036633130626561333539653963643531666630616137653136623862613232
63316333666137623864613365636632393062623136356236323332656437363538633663333964
39656238636239333237353464363162393131373562376362306534363230613866643136313662
32623365626233326334386331376639643666633362323263663266353638666661343534356434
36333565353030316366393534333931623366393861633566353764636666663336336338656634
35353063353461653032336363373662643034643636663537376130633362323062303239366231
61353766663766633830636438333564386536366463623835306436666230346261666266393062
64383562336363633965326631333136623634333235306439336431336331353631333235373034
36613162363730333534613630306662663132613932616463653865373833373863326362636130
66646431303661613835663833356535623064613730336136336362376531396434306130613037
65616561373064363633373539616166343830653964336330383530323834626638336661666530
62643530613266306463356161393231326231653461356165356139663961653537613330343632
62366337373432623435316132646563646236373432353637626264393932326665643261613930
65613263623661396335643166303036343634376232353364336236356236326539316166663933
32663632366564393464393337306435323337643838653064396134653139383934656430333332
35323132383130323863353464613063323964656563653937623330366238383262356133306535
64643661303236323339373231636433363738623964343638396234616234346630636161323466
33363034623362623163313961393834643365396664663437353063613962633234363033653263
64613735336331346333323561303665623639663238346337623664313765323835633339316562
62376663333966323730663032343330613130663864396632383634636135313965366337396533
61303563646437623535613337613730306330373731313632623835366665343036653364336331
62653536623862643937333866383164383439383136633039303530626534323864383935656330
36386561333532613232326135623266613631393536653830313366373639353836383964646436
35303861393337623163333361366266623333386537346538326135663437353231643236623138
35666366313531363663653564383166366637313638336365626233626533363432343132333133
32626363303764343065646538623738343264373262363839313864306438336634626139363461
37323661316332373331363132653132306339356134653533656533393736643038313066353538
66306239643665343864313564303538346337633233616565616232646637653264396366316539
63323862336639316337333166373466336432303538333731333265663263613663
