$ANSIBLE_VAULT;1.1;AES256
62643036303431613966326633356531653937353166626235363735383762343662666566663166
3937623465633262333531613330356663333461626236320a373338383464306262326364646462
63323935393966373537303032383565626435326464356339303666663339343366633136313166
3339366530303365340a643064313833653938643266656230363131616261353337386438633430
62343362373836633435336161383930633338666666353937633037363061373336353561623963
66326639363263366531646462333434383061393231303637613130366264333765656462643634
33633536373032306633343566393337633961613537323133353932303438366437653232613861
39356233623761376135343337633632323934326366653833333234356638626335373864383961
65396537653032396436323933643438336363393138663633653932336234666232633365373435
62393331666130346336356335313164653137336561353638313664366666356439623939346161
37383437326135666463393134666362356164376361376437643731393538636561626564376231
31646661346236326231623537616663666133346132383537306366623361333062653731343562
34623434616634316139636133633661656664306162633736376361316534396365323435666638
63626563316661656638363163626435373230366531666437323861363661356464636136383035
62313632326638333336306332643030633837636132316430663332343934386538666231393833
35323732316661356535323333643236646466376536383131383936373937366461353164363930
66303631626230366237393136333362363066353033363564333235393163303036356532386566
30616431383364616663393831633230313132306230306437346264636661636161336231383830
35303163313430656635636236326562666538333638653539646230306238646266656531313233
32643236383538333663343162613539333130613263303464323561643564396566363634646366
63323734376262393831393764646662613965646161626164613434386331633932376339343033
39326563613766633238313165623534616561633133373030303161343936376239626264356663
38653363333735313435653134656365363965323836376634333263633535383032343563303536
65643137316336363838353966353133366465396338323239366265303363663138393864623463
33653136326233346462626665363632373837396162363364353561666437323232613537353933
31616562663166383237333633663061306433613263623635303363373563353264633735306537
62643365386231363538386666646661623339663561353730383464303862353164653463663864
64363432306334663836376439333630306465613964663161313962613430633162393435326263
30623665333335393534646430333434623965313430366235363133666137333534323830363938
34343363356334333362393736353061613861366634376535373337613365313339303232373830
30663534336462353564376533633135633666623735346231663330663332613666363662363032
64376664336230353863663664613434306531363335616233353133333339343534636266346361
61313235316632323737653631353365373664383530613730663532303564326537666661323330
33303834383566343331643833383434663933646561343464306139613434363365633564383364
66366131643635356336363939366230343237613864333639336464333232333661366239663663
66363937633836393232323438393435613337393937306564336533663530633534336664623962
36353563623231366238393634623461336632346236363232393234316339303136356433616262
32326331323462663533653638656432653732663936363730633366333538613338633861303066
35666237663835313866646632323566633039643366633963363233653530316361656235646264
30323634396339646336393665373339313734363736313364383864306433393232653263316233
63623534373135313931313531313362616533366138393966616361343033363639316463663037
35373639303163666131363563323062393363353461333835323561316534663864373536393762
66666566643633373665323539373230396630383263303363643434393565623663663431633833
32613439343032383666336531613235643264663032366634633732623434663431343964386164
61643131376564633238363331316139366131636465316535656136656237616536653164666261
30633637633637346238646164353036333131393662356164616430333230393661306337316134
39316632633838326633653639393263336133313364383432656661643337386333386535633239
64616635393762626437356631653663303436613735373639306663326435663531346536633931
31333666326634643735373137656664663630326566643834626338353265383163376365386532
63363438333164303630666630343537313465343035373031363633636163313366623862663130
34363032613130373632653365326165373039663765666531323831613434373233323937373038
30646463663339666234393166383835356464666339373938643734356661666638336239333362
61376466663066656636613163373833613337383836356537386238653038663463356565663663
63363363653639373661633831323933373132326339383139323538396637613565666435616265
39366663346431613162653361396532633831303232616464346237643435383364313939653336
62626662333639343165636531323361636230326632346135393635356263333430336362633134
33363836376565383834626538373030346633313064653133366464633031313231346437306431
31646637346634303539303465613830643137393362383831346330303638356636363634376238
61343534326233666430363863633333653130396135303136643665656139633865373236653530
38333635336537313563663938623939616235643063353564313336386432383535363430316165
65356265383239613533363837316234303661623839393562663830323061303035373333393165
34643764303530623562386237363461396239663066363662376634643861633163656130663437
31613737396639363661356166323330663634346461663636363461653464323837666364666131
39666435613238616163383163326133653866643433303739336362366337663733386163323839
33373462653936346635323466633664303662313834663061393764313936316435613237353331
63363065383533666134653863646465306331353934646661383639373038653762313635313832
63333162633234396134346561393462316631376137666362353536306561316436343664383939
30656131613563623264333630616439306639323762343566303733313034626565613030643237
61646638646133656136643430666336383264336536653134336230363562356135393237393863
62656462356461623562613838636163633366366638306430306263666436356334333635636135
30636166323137336434366535326563393136366638393561363130323237393830303239356232
34323666376539383432623233646261633161303265626435386338663538396239656563393265
36333333346666373135653334363532366134356361333762316532653038303736666363366565
38613734643633353965646439623736306231623538623335633533613561663134313830316662
32363538633634613961343037616563333531613163623337316631623230636234646236346366
30633737616538623930346262623633393933636666386230343037343337323639396363646666
65663832383036336132373931336233306131373664396266396162663833306439313462306534
32623666356637313135656165653434343531643035393962303636346363313861366364666431
31393737623065356462383733663930333036616664313537613764356137356338623031623863
63306637396537653964313633353333333435323735393138663862643632356636323838356430
65623563376138643264633361366230643231393230323665366432623038643466636139303232
38343937653064326463313833613866333930623130303561383634613939633936643735346230
30623863313666626265653635376431343331643035623337333231373935333766366634613137
66306131383661393136376330643434376636383063656638393261663731303230663538623662
30333562636538343464376334383235396531373030623763306539636130653562663762613936
62623439623639616439323863316233343263343964313330336235663462353561333236393436
30356635323961386563363036313531646537656336323862363735636433383261383430613462
64396332663432333664623966313538663631373033313132616435663763316562653338666565
65333337636566653762393137623765306266303736623663323037323839636362
